Sample	coverage_X	coverage_auto	ratio
GFB-7447_HWNGYDSX5_3_TRICHURIS600Tiagba_S17_L003	21.3468	20.8265	1.02498259429092742419
GFB-7546_HWNGYDSX5_3_TRICHURIS740Tiagba_S116_L003	14.6882	24.568	.59785900358189514816
GFB-7674_HWNGYDSX5_3_TRICHURIS923Tiagba_S244_L003	19.7869	32.3518	.61161666429688610834
GFB-7414_HWNGYDSX5_2_TRICHURIS548Tiagba_S362_L002	20.9174	19.4166	1.07729468599033816425
GFB-7592_HWNGYDSX5_3_TRICHURIS795Tiagba_S162_L003	18.3199	16.8496	1.08726023169689488177
GFB-7645_HWNGYDSX5_3_TRICHURIS873Tiagba_S215_L003	17.973	31.4351	.57174941387175482183
GFB-7751_HWNGYDSX5_3_TRICHURIS1020Tiagba_S321_L003	14.4872	23.3557	.62028541212637600243
GFB-7160_HWNGYDSX5_2_TRICHURIS159Akakro_S108_L002	28.0889	28.9727	.96949542155201275683
GFB-7594_HWNGYDSX5_3_TRICHURIS798Tiagba_S164_L003	20.0408	19.341	1.03618220360891370663
GFB-7282_HWNGYDSX5_2_TRICHURIS367Akakro_S230_L002	24.8975	24.2953	1.02478668713701827102
GFB-7071_HWNGYDSX5_2_TRICHURIS19Bekpou_S19_L002	26.5787	25.3063	1.05027996980988923706
GFB-7213_HWNGYDSX5_2_TRICHURIS226Akakro_S161_L002	12.9235	23.6044	.54750385521343478334
GFB-7368_HWNGYDSX5_2_TRICHURIS479Akakro_S316_L002	23.1911	21.2661	1.09051965334499508607
GFB-7158_HWNGYDSX5_2_TRICHURIS156Akakro_S106_L002	14.0721	23.9128	.58847562811548626676
GFB-7610_HWNGYDSX5_3_TRICHURIS816Tiagba_S180_L003	12.0398	22.7905	.52828152080910905859
GFB-7649_HWNGYDSX5_3_TRICHURIS879Tiagba_S219_L003	23.4427	22.4305	1.04512605603976728115
GFB-7227_HWNGYDSX5_2_TRICHURIS244Akakro_S175_L002	12.7881	22.4301	.57013120761833429186
GFB-7402_HWNGYDSX5_2_TRICHURIS535Tiagba_S350_L002	24.8622	23.3997	1.06250080129232426056
GFB-7171_HWNGYDSX5_2_TRICHURIS172Akakro_S119_L002	23.1689	21.6102	1.07212797660364087329
GFB-7531_HWNGYDSX5_3_TRICHURIS721Tiagba_S101_L003	33.1269	30.9678	1.06972080677348729971
GFB-7186_HWNGYDSX5_2_TRICHURIS193Akakro_S134_L002	25.2518	25.5644	.98777205801818153369
GFB-7298_HWNGYDSX5_2_TRICHURIS386Akakro_S246_L002	24.5236	24.5304	.99972279294263444542
GFB-7504_HWNGYDSX5_3_TRICHURIS692Tiagba_S74_L003	27.6483	27.6952	.99830656575868742597
GFB-7393_HWNGYDSX5_2_TRICHURIS520Akakro_S341_L002	25.0794	22.5308	1.11311626750936495819
GFB-7340_HWNGYDSX5_2_TRICHURIS441Akakro_S288_L002	20.9248	18.8936	1.10750730406063428885
GFB-7673_HWNGYDSX5_3_TRICHURIS919Tiagba_S243_L003	17.3875	8.30874	2.09267590513122326610
GFB-7379_HWNGYDSX5_2_TRICHURIS499Akakro_S327_L002	13.1249	23.1608	.56668595212600601015
GFB-7750_HWNGYDSX5_3_TRICHURIS1018Tiagba_S320_L003	24.6316	25.213	.97694046721929163526
GFB-7439_HWNGYDSX5_3_TRICHURIS583Tiagba_S9_L003	28.9244	30.2945	.95477396887223753486
GFB-7422_HWNGYDSX5_2_TRICHURIS563Tiagba_S370_L002	29.0875	27.6828	1.05074269943791812966
GFB-7119_HWNGYDSX5_2_TRICHURIS71Akakro_S67_L002	18.2448	16.5472	1.10259137497582672597
GFB-7505_HWNGYDSX5_3_TRICHURIS693Tiagba_S75_L003	23.5749	22.0306	1.07009795466305956260
GFB-7074_HWNGYDSX5_2_TRICHURIS25Bekpou_S22_L002	13.3689	21.7308	.61520514661218178806
GFB-7715_HWNGYDSX5_3_TRICHURIS966Tiagba_S285_L003	21.5522	23.074	.93404697928404264540
GFB-7728_HWNGYDSX5_3_TRICHURIS979Tiagba_S298_L003	18.0677	31.0875	.58118858061921994370
GFB-7787_HWNGYDSX5_3_TRICHURISP-6Tiagba_S357_L003	6.59438	7.61516	.86595422814491094080
GFB-7093_HWNGYDSX5_2_TRICHURIS45Ahouya_S41_L002	28.0457	26.1058	1.07430915735200606761
GFB-7612_HWNGYDSX5_3_TRICHURIS818Tiagba_S182_L003	21.7431	24.0144	.90541924845092944233
GFB-7376_HWNGYDSX5_2_TRICHURIS492Akakro_S324_L002	10.5176	15.8151	.66503531435147422400
GFB-7294_HWNGYDSX5_2_TRICHURIS382Akakro_S242_L002	28.7601	28.3385	1.01487728708294369850
GFB-7614_HWNGYDSX5_3_TRICHURIS820Tiagba_S184_L003	17.0475	27.6824	.61582449498598387423
GFB-7377_HWNGYDSX5_2_TRICHURIS493Akakro_S325_L002	26.9148	23.7724	1.13218690582356009489
GFB-7598_HWNGYDSX5_3_TRICHURIS804Tiagba_S168_L003	23.6103	19.0563	1.23897608664850994159
GFB-7482_HWNGYDSX5_3_TRICHURIS645Tiagba_S52_L003	23.1976	21.9504	1.05681901013193381441
GFB-7284_HWNGYDSX5_2_TRICHURIS369Akakro_S232_L002	11.1098	18.3696	.60479270098423482275
GFB-7684_HWNGYDSX5_3_TRICHURIS934Tiagba_S254_L003	16.4334	16.0189	1.02587568434786408554
GFB-7499_HWNGYDSX5_3_TRICHURIS687Tiagba_S69_L003	20.8487	20.6323	1.01048840895101370181
GFB-7114_HWNGYDSX5_2_TRICHURIS66Akakro_S62_L002	25.8827	24.4635	1.05801295808040550207
GFB-7551_HWNGYDSX5_3_TRICHURIS746Tiagba_S121_L003	22.7181	24.0555	.94440356675188626301
GFB-7142_HWNGYDSX5_2_TRICHURIS127Akakro_S90_L002	14.5761	25.2807	.57657026901944961967
GFB-7760_HWNGYDSX5_3_TRICHURIS1067Tiagba_S330_L003	3.52701	3.05979	1.15269675369878324983
GFB-7784_HWNGYDSX5_3_TRICHURISP-3Tiagba_S354_L003	12.2004	24.2579	.50294543220971312438
GFB-7090_HWNGYDSX5_2_TRICHURIS42Ahouya_S38_L002	26.3484	27.3526	.96328685390054327559
GFB-7780_HWNGYDSX5_3_TRICHURIS1095Teffredji_S350_L003	16.7485	29.8453	.56117713676860343169
GFB-7056_HWNGYDSX5_2_TRICHURIS5Bekpou_S4_L002	27.0712	26.9909	1.00297507678513869489
GFB-7264_HWNGYDSX5_2_TRICHURIS328Akakro_S212_L002	22.4222	21.823	1.02745726985290748293
GFB-7252_HWNGYDSX5_2_TRICHURIS316Akakro_S200_L002	15.3719	27.8329	.55229243090012179830
GFB-7314_HWNGYDSX5_2_TRICHURIS406Akakro_S262_L002	33.8562	34.1146	.99242553041806147514
GFB-7774_HWNGYDSX5_3_TRICHURIS1087Tiagba_S344_L003	15.1804	23.9703	.63330037588182041943
GFB-7766_HWNGYDSX5_3_TRICHURIS1075Tiagba_S336_L003	29.5697	29.7188	.99498297374052788134
GFB-7193_HWNGYDSX5_2_TRICHURIS202Akakro_S141_L002	18.9336	26.9932	.70142109864706666864
GFB-7100_HWNGYDSX5_2_TRICHURIS52NDoumikro_S48_L002	23.777	20.5428	1.15743715559709484588
GFB-7703_HWNGYDSX5_3_TRICHURIS954Tiagba_S273_L003	13.8772	25.75	.53892038834951456310
GFB-7627_HWNGYDSX5_3_TRICHURIS838Tiagba_S197_L003	28.3781	28.547	.99408344134234770728
GFB-7253_HWNGYDSX5_2_TRICHURIS317Akakro_S201_L002	14.7687	24.3166	.60735053420297245503
GFB-7303_HWNGYDSX5_2_TRICHURIS391Akakro_S251_L002	12.2344	20.1278	.60783592841741273263
GFB-7596_HWNGYDSX5_3_TRICHURIS801Tiagba_S166_L003	30.0084	29.5861	1.01427359469480600687
GFB-7329_HWNGYDSX5_2_TRICHURIS425Akakro_S277_L002	26.6133	25.92	1.02674768518518518518
GFB-7390_HWNGYDSX5_2_TRICHURIS517Akakro_S338_L002	24.1934	24.2528	.99755079825834542815
GFB-7288_HWNGYDSX5_2_TRICHURIS375Akakro_S236_L002	13.2982	22.1306	.60089649625405547070
GFB-7275_HWNGYDSX5_2_TRICHURIS359Akakro_S223_L002	27.3021	25.9227	1.05321204967075188927
GFB-7394_HWNGYDSX5_2_TRICHURIS521Akakro_S342_L002	2.10909	1.55322	1.35788233476262216556
GFB-7802_HWNGYDSX5_3_TRICHURISP-21Tiagba_S372_L003	5.77214	7.03304	.82071764130447146610
GFB-7460_HWNGYDSX5_3_TRICHURIS620Tiagba_S30_L003	26.0526	24.9667	1.04349393391998141524
GFB-7554_HWNGYDSX5_3_TRICHURIS749Tiagba_S124_L003	20.7394	19.9364	1.04027808430809975722
GFB-7796_HWNGYDSX5_3_TRICHURISP-15Tiagba_S366_L003	13.7871	24.4465	.56397030249729000061
GFB-7799_HWNGYDSX5_3_TRICHURISP-18Tiagba_S369_L003	11.2093	11.5544	.97013259018209513259
GFB-7370_HWNGYDSX5_2_TRICHURIS481Akakro_S318_L002	5.77986	4.02182	1.43712548050385149012
GFB-7299_HWNGYDSX5_2_TRICHURIS387Akakro_S247_L002	24.0528	23.0635	1.04289461703557569319
GFB-7058_HWNGYDSX5_2_TRICHURIS7Bekpou_S6_L002	28.6786	27.3969	1.04678266519204727542
GFB-7350_HWNGYDSX5_2_TRICHURIS454Akakro_S298_L002	10.2147	17.459	.58506787330316742081
GFB-7520_HWNGYDSX5_3_TRICHURIS710Tiagba_S90_L003	7.15608	6.22926	1.14878492790475915277
GFB-7206_HWNGYDSX5_2_TRICHURIS216Akakro_S154_L002	3.20976	4.38399	.73215495473301718297
GFB-7365_HWNGYDSX5_2_TRICHURIS471Akakro_S313_L002	13.3978	22.6556	.59136813856176839280
GFB-7369_HWNGYDSX5_2_TRICHURIS480Akakro_S317_L002	23.8277	21.0731	1.13071641096943496685
GFB-7625_HWNGYDSX5_3_TRICHURIS835Tiagba_S195_L003	15.0887	24.883	.60638588594622834867
GFB-7450_HWNGYDSX5_3_TRICHURIS607Tiagba_S20_L003	20.9991	19.8785	1.05637246271096913751
GFB-7268_HWNGYDSX5_2_TRICHURIS332Akakro_S216_L002	18.2692	31.5326	.57937499603584861381
GFB-7053_HWNGYDSX5_2_TRICHURIS1Bekpou_S1_L002	17.4392	30.8195	.56584954330861954282
GFB-7185_HWNGYDSX5_2_TRICHURIS191Akakro_S133_L002	17.2477	29.1482	.59172436033785962769
GFB-7635_HWNGYDSX5_3_TRICHURIS845Tiagba_S205_L003	15.3885	25.6848	.59912866753877779854
GFB-7054_HWNGYDSX5_2_TRICHURIS2Bekpou_S2_L002	10.9028	5.80482	1.87823222770042826478
GFB-7413_HWNGYDSX5_2_TRICHURIS547Tiagba_S361_L002	25.989	25.0959	1.03558748640216130921
GFB-7141_HWNGYDSX5_2_TRICHURIS126Akakro_S89_L002	14.2168	24.531	.57954425013248542660
GFB-7351_HWNGYDSX5_2_TRICHURIS456Akakro_S299_L002	24.1846	22.8301	1.05932956929667412757
GFB-7217_HWNGYDSX5_2_TRICHURIS230Akakro_S165_L002	29.5145	28.8273	1.02383851418620543720
GFB-7068_HWNGYDSX5_2_TRICHURIS16Bekpou_S16_L002	26.3138	25.9144	1.01541228043095730559
GFB-7659_HWNGYDSX5_3_TRICHURIS890Tiagba_S229_L003	22.9538	22.6232	1.01461331730259202942
GFB-7308_HWNGYDSX5_2_TRICHURIS400Akakro_S256_L002	24.144	24.2418	.99596564611538747122
GFB-7219_HWNGYDSX5_2_TRICHURIS232Akakro_S167_L002	14.5822	24.7379	.58946798232671326183
GFB-7087_HWNGYDSX5_2_TRICHURIS39Ahouya_S35_L002	23.9207	22.4958	1.06334071248855341886
GFB-7746_HWNGYDSX5_3_TRICHURIS1009Tiagba_S316_L003	21.4723	20.1041	1.06805576971861461095
GFB-7140_HWNGYDSX5_2_TRICHURIS125Akakro_S88_L002	29.8772	27.6978	1.07868494970719696149
GFB-7136_HWNGYDSX5_2_TRICHURIS91Akakro_S84_L002	14.9123	11.7699	1.26698612562553632571
GFB-7159_HWNGYDSX5_2_TRICHURIS157Akakro_S107_L002	23.7517	23.1198	1.02733155131099749997
GFB-7691_HWNGYDSX5_3_TRICHURIS942Tiagba_S261_L003	23.9645	23.282	1.02931449188214070956
GFB-7408_HWNGYDSX5_2_TRICHURIS541Tiagba_S356_L002	20.6607	18.1952	1.13550276996130847696
GFB-7198_HWNGYDSX5_2_TRICHURIS207Akakro_S146_L002	11.6577	10.2273	1.13986096037077234460
GFB-7374_HWNGYDSX5_2_TRICHURIS486Akakro_S322_L002	29.395	27.5008	1.06887799627647195717
GFB-7399_HWNGYDSX5_2_TRICHURIS532Akakro_S347_L002	30.3636	24.1361	1.25801600092807040076
GFB-7632_HWNGYDSX5_3_TRICHURIS843Tiagba_S202_L003	24.5393	22.7644	1.07796823109767883186
GFB-7481_HWNGYDSX5_3_TRICHURIS644Tiagba_S51_L003	24.4199	24.1418	1.01151943931272730285
GFB-7726_HWNGYDSX5_3_TRICHURIS977Tiagba_S296_L003	26.2586	25.2059	1.04176403143708417473
GFB-7325_HWNGYDSX5_2_TRICHURIS421Akakro_S273_L002	16.4431	29.6966	.55370311752860596836
GFB-7267_HWNGYDSX5_2_TRICHURIS331Akakro_S215_L002	23.9505	23.2716	1.02917289743721961532
GFB-7212_HWNGYDSX5_2_TRICHURIS225Akakro_S160_L002	23.7754	23.5506	1.00954540436337078460
GFB-7371_HWNGYDSX5_2_TRICHURIS482Akakro_S319_L002	27.1445	24.643	1.10150955646633932556
GFB-7086_HWNGYDSX5_2_TRICHURIS38Ahouya_S34_L002	13.6561	23.654	.57732730193624756912
GFB-7589_HWNGYDSX5_3_TRICHURIS792Tiagba_S159_L003	17.0825	27.9213	.61180890574579263859
GFB-7789_HWNGYDSX5_3_TRICHURISP-8Tiagba_S359_L003	11.4835	20.7722	.55283022501227602276
GFB-7781_HWNGYDSX5_3_TRICHURIS1096Teffredji_S351_L003	26.4534	27.5423	.96046444922900411367
GFB-7764_HWNGYDSX5_3_TRICHURIS1073Tiagba_S334_L003	25.499	25.0882	1.01637423171052526685
GFB-7583_HWNGYDSX5_3_TRICHURIS786Tiagba_S153_L003	14.7561	24.4666	.60311199758037487840
GFB-7331_HWNGYDSX5_2_TRICHURIS430Akakro_S279_L002	14.7764	25.8443	.57174696161242517692
GFB-7621_HWNGYDSX5_3_TRICHURIS831Tiagba_S191_L003	24.2404	20.3287	1.19242253562697073595
GFB-7189_HWNGYDSX5_2_TRICHURIS196Akakro_S137_L002	12.963	22.5533	.57477176289057477176
GFB-7123_HWNGYDSX5_2_TRICHURIS78Akakro_S71_L002	6.45476	2.32085	2.78120516190188939397
GFB-7804_HWNGYDSX5_3_TRICHURISP-23Tiagba_S374_L003	14.4297	15.5112	.93027618752901129506
GFB-7603_HWNGYDSX5_3_TRICHURIS809Tiagba_S173_L003	14.3514	23.0236	.62333431783040011119
GFB-7435_HWNGYDSX5_3_TRICHURIS579Tiagba_S5_L003	13.5487	26.373	.51373374284305918932
GFB-7425_HWNGYDSX5_2_TRICHURIS565Tiagba_S373_L002	21.5644	21.0156	1.02611393441062829517
GFB-7354_HWNGYDSX5_2_TRICHURIS459Akakro_S302_L002	23.4196	21.4601	1.09130898737657326853
GFB-7722_HWNGYDSX5_3_TRICHURIS973Tiagba_S292_L003	23.8139	23.5532	1.01106855968615729497
GFB-7386_HWNGYDSX5_2_TRICHURIS509Akakro_S334_L002	10.5658	18.1607	.58179475460747658405
GFB-7209_HWNGYDSX5_2_TRICHURIS221Akakro_S157_L002	27.3371	26.6476	1.02587475044656929704
GFB-7358_HWNGYDSX5_2_TRICHURIS463Akakro_S306_L002	19.754	32.1048	.61529740101168672597
GFB-7446_HWNGYDSX5_3_TRICHURIS599Tiagba_S16_L003	21.1072	19.109	1.10456852791878172588
GFB-7385_HWNGYDSX5_2_TRICHURIS508Akakro_S333_L002	18.8609	14.4703	1.30342149091587596663
GFB-7156_HWNGYDSX5_2_TRICHURIS155Akakro_S104_L002	15.5397	26.1911	.59331986819950288456
GFB-7509_HWNGYDSX5_3_TRICHURIS697Tiagba_S79_L003	24.359	21.8231	1.11620255600716671783
GFB-7420_HWNGYDSX5_2_TRICHURIS560Tiagba_S368_L002	25.4541	24.2448	1.04987873688378538903
GFB-7128_HWNGYDSX5_2_TRICHURIS83Akakro_S76_L002	10.8791	6.96657	1.56161496977709260080
GFB-7714_HWNGYDSX5_3_TRICHURIS965Tiagba_S284_L003	15.869	29.6049	.53602613080942681785
GFB-7670_HWNGYDSX5_3_TRICHURIS901Tiagba_S240_L003	14.4341	25.8168	.55909717703201016392
GFB-7778_HWNGYDSX5_3_TRICHURIS1093Tiagba_S348_L003	10.7778	7.40128	1.45620757490596221194
GFB-7127_HWNGYDSX5_2_TRICHURIS82Akakro_S75_L002	19.2772	11.3744	1.69478829652553101702
GFB-7106_HWNGYDSX5_2_TRICHURIS58Akakro_S54_L002	27.0042	25.1616	1.07323063716138878290
GFB-7753_HWNGYDSX5_3_TRICHURIS1027Tiagba_S323_L003	14.1057	20.5324	.68699713623346515750
GFB-7328_HWNGYDSX5_2_TRICHURIS424Akakro_S276_L002	16.0816	27.052	.59446990980334171225
GFB-7244_HWNGYDSX5_2_TRICHURIS273Akakro_S192_L002	15.5497	28.3271	.54893370659192081081
GFB-7271_HWNGYDSX5_2_TRICHURIS355Akakro_S219_L002	21.3857	20.193	1.05906502253256078839
GFB-7650_HWNGYDSX5_3_TRICHURIS880Tiagba_S220_L003	5.14494	7.12285	.72231480376534673620
GFB-7768_HWNGYDSX5_3_TRICHURIS1077Tiagba_S338_L003	32.8705	33.7267	.97461358508244210076
GFB-7168_HWNGYDSX5_2_TRICHURIS169Akakro_S116_L002	24.475	23.5681	1.03847997929404576525
GFB-7657_HWNGYDSX5_3_TRICHURIS888Tiagba_S227_L003	24.3733	27.7849	.87721388236056275171
GFB-7694_HWNGYDSX5_3_TRICHURIS945Tiagba_S264_L003	11.606	9.99741	1.16090067327437806391
GFB-7364_HWNGYDSX5_2_TRICHURIS470Akakro_S312_L002	14.7917	24.919	.59359123560335486977
GFB-7496_HWNGYDSX5_3_TRICHURIS684Tiagba_S66_L003	14.424	24.494	.58887890912060096350
GFB-7202_HWNGYDSX5_2_TRICHURIS212Akakro_S150_L002	22.3135	21.3552	1.04487431632576608975
GFB-7430_HWNGYDSX5_2_TRICHURIS574Tiagba_S378_L002	24.1039	23.3142	1.03387206080414511327
GFB-7346_HWNGYDSX5_2_TRICHURIS450Akakro_S294_L002	25.7273	22.748	1.13096975558290838755
GFB-7652_HWNGYDSX5_3_TRICHURIS882Tiagba_S222_L003	21.2658	30.4676	.69798080583964605023
GFB-7519_HWNGYDSX5_3_TRICHURIS709Tiagba_S89_L003	22.4815	21.2725	1.05683394053355270889
GFB-7487_HWNGYDSX5_3_TRICHURIS650Tiagba_S57_L003	15.7144	27.8384	.56448646473935283636
GFB-7473_HWNGYDSX5_3_TRICHURIS636Tiagba_S43_L003	14.9211	23.8656	.62521369670152855993
GFB-7687_HWNGYDSX5_3_TRICHURIS937Tiagba_S257_L003	25.9567	26.6941	.97237591827407554478
GFB-7569_HWNGYDSX5_3_TRICHURIS769Tiagba_S139_L003	13.2579	20.8363	.63628859250442736954
GFB-7418_HWNGYDSX5_2_TRICHURIS558Tiagba_S366_L002	23.9068	23.6411	1.01123890174315069941
GFB-7164_HWNGYDSX5_2_TRICHURIS164Akakro_S112_L002	27.7615	25.998	1.06783214093391799369
GFB-7230_HWNGYDSX5_2_TRICHURIS247Akakro_S178_L002	15.7061	28.268	.55561412197537851988
GFB-7469_HWNGYDSX5_3_TRICHURIS632Tiagba_S39_L003	23.5732	20.9989	1.12259213577854078070
GFB-7492_HWNGYDSX5_3_TRICHURIS655Tiagba_S62_L003	20.7574	24.5057	.84704374900533345303
GFB-7677_HWNGYDSX5_3_TRICHURIS927Tiagba_S247_L003	14.2662	25.6878	.55536869642398336953
GFB-7222_HWNGYDSX5_2_TRICHURIS235Akakro_S170_L002	13.3906	22.8588	.58579627976971669553
GFB-7529_HWNGYDSX5_3_TRICHURIS719Tiagba_S99_L003	28.4659	28.0227	1.01581574937461415209
GFB-7203_HWNGYDSX5_2_TRICHURIS213Akakro_S151_L002	17.7572	13.2971	1.33541900113558595483
GFB-7474_HWNGYDSX5_3_TRICHURIS637Tiagba_S44_L003	16.1666	27.9648	.57810533241789678452
GFB-7431_HWNGYDSX5_3_TRICHURIS575Tiagba_S1_L003	28.1932	27.5301	1.02408636365287449010
GFB-7307_HWNGYDSX5_2_TRICHURIS399Akakro_S255_L002	23.229	22.6939	1.02357902343801638325
GFB-7524_HWNGYDSX5_3_TRICHURIS714Tiagba_S94_L003	28.5812	24.8374	1.15073236329084364708
GFB-7317_HWNGYDSX5_2_TRICHURIS412Akakro_S265_L002	32.9571	30.7239	1.07268608477439387577
GFB-7477_HWNGYDSX5_3_TRICHURIS640Tiagba_S47_L003	22.7193	23.2155	.97862634877560250694
GFB-7502_HWNGYDSX5_3_TRICHURIS690Tiagba_S72_L003	25.388	24.4106	1.04003998263049658754
GFB-7693_HWNGYDSX5_3_TRICHURIS944Tiagba_S263_L003	11.5862	18.79	.61661522086216072378
GFB-7637_HWNGYDSX5_3_TRICHURIS848Tiagba_S207_L003	14.2872	25.8468	.55276475230976368447
GFB-7712_HWNGYDSX5_3_TRICHURIS963Tiagba_S282_L003	26.7861	26.0769	1.02719648424467632272
GFB-7604_HWNGYDSX5_3_TRICHURIS810Tiagba_S174_L003	24.9111	26.0477	.95636466943338567320
GFB-7097_HWNGYDSX5_2_TRICHURIS49Ahouya_S45_L002	22.6639	20.62	1.09912221144519883608
GFB-7110_HWNGYDSX5_2_TRICHURIS62Akakro_S58_L002	16.6698	28.5931	.58300079389782849708
GFB-7534_HWNGYDSX5_3_TRICHURIS727Tiagba_S104_L003	25.2014	22.4148	1.12431964594821278797
GFB-7077_HWNGYDSX5_2_TRICHURIS29Bekpou_S25_L002	16.717	15.6331	1.06933365743198725780
GFB-7754_HWNGYDSX5_3_TRICHURIS1028Tiagba_S324_L003	16.5425	21.7935	.75905659944478858375
GFB-7318_HWNGYDSX5_2_TRICHURIS413Akakro_S266_L002	18.2448	30.4192	.59977908689248895434
GFB-7289_HWNGYDSX5_2_TRICHURIS376Akakro_S237_L002	28.5254	27.5472	1.03550996108497415345
GFB-7735_HWNGYDSX5_3_TRICHURIS997Tiagba_S305_L003	27.6382	27.5997	1.00139494269865252158
GFB-7453_HWNGYDSX5_3_TRICHURIS610Tiagba_S23_L003	23.5495	23.7168	.99294592862443499966
GFB-7580_HWNGYDSX5_3_TRICHURIS783Tiagba_S150_L003	28.9733	28.193	1.02767708296385627638
GFB-7535_HWNGYDSX5_3_TRICHURIS728Tiagba_S105_L003	25.0738	23.3667	1.07305695712274304886
GFB-7562_HWNGYDSX5_3_TRICHURIS762Tiagba_S132_L003	16.9594	29.184	.58111979166666666666
GFB-7483_HWNGYDSX5_3_TRICHURIS646Tiagba_S53_L003	22.4555	21.4566	1.04655444012564898446
GFB-7388_HWNGYDSX5_2_TRICHURIS511Akakro_S336_L002	18.9726	19.5042	.97274433199003291598
GFB-7488_HWNGYDSX5_3_TRICHURIS651Tiagba_S58_L003	24.2714	23.524	1.03177180751572861758
GFB-7423_HWNGYDSX5_2_TRICHURIS562Tiagba_S371_L002	27.4948	28.5958	.96149784234048356751
GFB-7155_HWNGYDSX5_2_TRICHURIS147Akakro_S103_L002	25.6405	24.9701	1.02684811033996660005
GFB-7565_HWNGYDSX5_3_TRICHURIS765Tiagba_S135_L003	25.6203	27.1074	.94514044135549702295
GFB-7290_HWNGYDSX5_2_TRICHURIS377Akakro_S238_L002	23.7756	23.5562	1.00931389612925684108
GFB-7073_HWNGYDSX5_2_TRICHURIS21Bekpou_S21_L002	13.9906	24.0816	.58096638097136402896
GFB-7357_HWNGYDSX5_2_TRICHURIS462Akakro_S305_L002	26.7389	24.6206	1.08603770826056229336
GFB-7797_HWNGYDSX5_3_TRICHURISP-16Tiagba_S367_L003	11.6619	20.118	.57967491798389501938
GFB-7511_HWNGYDSX5_3_TRICHURIS699Tiagba_S81_L003	22.7289	23.9521	.94893140893700343602
GFB-7480_HWNGYDSX5_3_TRICHURIS643Tiagba_S50_L003	20.6065	22.0258	.93556193191620735682
GFB-7084_HWNGYDSX5_2_TRICHURIS36Ahouya_S32_L002	18.3202	17.9867	1.01854147786975932216
GFB-7805_HWNGYDSX5_3_TRICHURISP-24Tiagba_S375_L003	11.9328	22.6367	.52714397416584572839
GFB-7182_HWNGYDSX5_2_TRICHURIS188Akakro_S130_L002	20.8337	21.288	.97865933859451334084
GFB-7570_HWNGYDSX5_3_TRICHURIS770Tiagba_S140_L003	23.6572	23.4182	1.01020573741790573143
GFB-7139_HWNGYDSX5_2_TRICHURIS94Akakro_S87_L002	18.168	18.946	.95893592315000527815
GFB-7173_HWNGYDSX5_2_TRICHURIS174Akakro_S121_L002	21.0822	18.6772	1.12876662454757672456
GFB-7197_HWNGYDSX5_2_TRICHURIS206Akakro_S145_L002	23.3392	23.3744	.99849407899240194400
GFB-7493_HWNGYDSX5_3_TRICHURIS656Tiagba_S63_L003	16.3705	27.3571	.59840041524869229560
GFB-7177_HWNGYDSX5_2_TRICHURIS179Akakro_S125_L002	11.8599	17.3093	.68517502152022323259
GFB-7410_HWNGYDSX5_2_TRICHURIS543Tiagba_S358_L002	23.6887	23.0969	1.02562248613450289865
GFB-7572_HWNGYDSX5_3_TRICHURIS772Tiagba_S142_L003	20.8975	23.4141	.89251775639465108631
GFB-7225_HWNGYDSX5_2_TRICHURIS239Akakro_S173_L002	25.488	25.2091	1.01106346517725741894
GFB-7807_HWNGYDSX5_3_TRICHURISP-26Tiagba_S377_L003	12.7311	21.857	.58247243446035595003
GFB-7507_HWNGYDSX5_3_TRICHURIS695Tiagba_S77_L003	26.5046	24.459	1.08363383621570791937
GFB-7682_HWNGYDSX5_3_TRICHURIS932Tiagba_S252_L003	29.5696	27.2288	1.08596779880126924432
GFB-7383_HWNGYDSX5_2_TRICHURIS506Akakro_S331_L002	20.1482	33.6308	.59909963485852254481
GFB-7793_HWNGYDSX5_3_TRICHURISP-12Tiagba_S363_L003	17.6595	19.8247	.89078271045715698093
GFB-7593_HWNGYDSX5_3_TRICHURIS797Tiagba_S163_L003	18.5378	13.7677	1.34647036178882456764
GFB-7161_HWNGYDSX5_2_TRICHURIS160Akakro_S109_L002	28.2561	28.1346	1.00431852594314473992
GFB-7695_HWNGYDSX5_3_TRICHURIS946Tiagba_S265_L003	25.887	24.7556	1.04570279047972983890
GFB-7367_HWNGYDSX5_2_TRICHURIS475Akakro_S315_L002	27.9829	25.3021	1.10595167990008734452
GFB-7527_HWNGYDSX5_3_TRICHURIS717Tiagba_S97_L003	18.2955	31.7512	.57621444228879538411
GFB-7658_HWNGYDSX5_3_TRICHURIS889Tiagba_S228_L003	28.5181	27.2682	1.04583727565442530126
GFB-7434_HWNGYDSX5_3_TRICHURIS578Tiagba_S4_L003	24.5668	24.0853	1.01999144706522235554
GFB-7584_HWNGYDSX5_3_TRICHURIS787Tiagba_S154_L003	22.1391	21.6578	1.02222294046486716102
GFB-7260_HWNGYDSX5_2_TRICHURIS324Akakro_S208_L002	25.0445	26.0582	.96109861770958853642
GFB-7135_HWNGYDSX5_2_TRICHURIS90Akakro_S83_L002	23.297	23.8216	.97797796957383215233
GFB-7599_HWNGYDSX5_3_TRICHURIS805Tiagba_S169_L003	20.3857	19.7214	1.03368422120133459085
GFB-7286_HWNGYDSX5_2_TRICHURIS372Akakro_S234_L002	26.1368	24.4629	1.06842606559320440340
GFB-7622_HWNGYDSX5_3_TRICHURIS832Tiagba_S192_L003	10.0663	17.1327	.58754895608981654963
GFB-7800_HWNGYDSX5_3_TRICHURISP-19Tiagba_S370_L003	17.8653	19.3374	.92387290949145179807
GFB-7567_HWNGYDSX5_3_TRICHURIS767Tiagba_S137_L003	25.2108	24.4146	1.03261163402226536580
GFB-7478_HWNGYDSX5_3_TRICHURIS641Tiagba_S48_L003	25.7936	24.3012	1.06141260513884088028
GFB-7214_HWNGYDSX5_2_TRICHURIS227Akakro_S162_L002	14.3417	24.5142	.58503642786629790080
GFB-7105_HWNGYDSX5_2_TRICHURIS57Akakro_S53_L002	24.5369	23.0487	1.06456763288168096248
GFB-7476_HWNGYDSX5_3_TRICHURIS639Tiagba_S46_L003	13.9832	23.9343	.58423267026819251033
GFB-7662_HWNGYDSX5_3_TRICHURIS893Tiagba_S232_L003	13.5922	23.1341	.58753960603611119516
GFB-7063_HWNGYDSX5_2_TRICHURIS11Bekpou_S11_L002	25.2115	24.1401	1.04438258333644019701
GFB-7115_HWNGYDSX5_2_TRICHURIS67Akakro_S63_L002	24.2712	22.2031	1.09314465097216154500
GFB-7609_HWNGYDSX5_3_TRICHURIS815Tiagba_S179_L003	26.8441	25.634	1.04720683467270031988
GFB-7542_HWNGYDSX5_3_TRICHURIS735Tiagba_S112_L003	12.6549	22.0688	.57342945697092728195
GFB-7191_HWNGYDSX5_2_TRICHURIS198Akakro_S139_L002	16.8175	15.9656	1.05335847071203086636
GFB-7239_HWNGYDSX5_2_TRICHURIS268Akakro_S187_L002	21.5196	21.5999	.99628239019625090856
GFB-7335_HWNGYDSX5_2_TRICHURIS436Akakro_S283_L002	23.645	22.0808	1.07083982464403463642
GFB-7737_HWNGYDSX5_3_TRICHURIS999Tiagba_S307_L003	24.4559	24.3322	1.00508379842348821725
GFB-7675_HWNGYDSX5_3_TRICHURIS924Tiagba_S245_L003	14.1853	22.497	.63054185002444770413
GFB-7281_HWNGYDSX5_2_TRICHURIS365Akakro_S229_L002	16.0901	27.6161	.58263476740017598429
GFB-7573_HWNGYDSX5_3_TRICHURIS773Tiagba_S143_L003	14.3179	23.1864	.61751285236172928958
GFB-7545_HWNGYDSX5_3_TRICHURIS739Tiagba_S115_L003	20.4366	19.1327	1.06815033947116716406
GFB-7752_HWNGYDSX5_3_TRICHURIS1022Tiagba_S322_L003	17.4689	15.6689	1.11487724090395624453
GFB-7763_HWNGYDSX5_3_TRICHURIS1072Tiagba_S333_L003	25.558	22.577	1.13203702883465473712
GFB-7078_HWNGYDSX5_2_TRICHURIS30Bekpou_S26_L002	14.8192	25.5618	.57974008090197090971
GFB-7710_HWNGYDSX5_3_TRICHURIS961Tiagba_S280_L003	22.2733	23.4161	.95119597200216944751
GFB-7259_HWNGYDSX5_2_TRICHURIS323Akakro_S207_L002	25.5953	25.0801	1.02054218284616090047
GFB-7788_HWNGYDSX5_3_TRICHURISP-7Tiagba_S358_L003	14.5484	16.3555	.88951117361132340802
GFB-7122_HWNGYDSX5_2_TRICHURIS77Akakro_S70_L002	19.4721	18.4395	1.05599934922313511754
GFB-7360_HWNGYDSX5_2_TRICHURIS465Akakro_S308_L002	24.6944	23.4959	1.05100889942500606488
GFB-7587_HWNGYDSX5_3_TRICHURIS790Tiagba_S157_L003	27.0576	25.7083	1.05248499511830809505
GFB-7326_HWNGYDSX5_2_TRICHURIS422Akakro_S274_L002	16.4636	29.4574	.55889521817947273011
GFB-7059_HWNGYDSX5_2_TRICHURIS8Bekpou_S7_L002	25.7681	25.0852	1.02722322325514646086
GFB-7586_HWNGYDSX5_3_TRICHURIS789Tiagba_S156_L003	20.4559	20.2329	1.01102165285253226181
GFB-7597_HWNGYDSX5_3_TRICHURIS803Tiagba_S167_L003	21.3471	20.6552	1.03349761803323134126
GFB-7704_HWNGYDSX5_3_TRICHURIS955Tiagba_S274_L003	23.2533	23.3593	.99546219278831129357
GFB-7324_HWNGYDSX5_2_TRICHURIS420Akakro_S272_L002	27.5366	26.0957	1.05521599343953218346
GFB-7315_HWNGYDSX5_2_TRICHURIS407Akakro_S263_L002	23.3596	23.162	1.00853121492099127881
GFB-7588_HWNGYDSX5_3_TRICHURIS791Tiagba_S158_L003	22.5829	20.5742	1.09763198569081665386
GFB-7320_HWNGYDSX5_2_TRICHURIS415Akakro_S268_L002	17.6648	31.9602	.55271243609238990995
GFB-7613_HWNGYDSX5_3_TRICHURIS819Tiagba_S183_L003	21.5437	21.9136	.98312007155373831775
GFB-7601_HWNGYDSX5_3_TRICHURIS807Tiagba_S171_L003	60.5595	57.0555	1.06141388647895470200
GFB-7727_HWNGYDSX5_3_TRICHURIS978Tiagba_S297_L003	14.5412	24.6068	.59094234114147308873
GFB-7560_HWNGYDSX5_3_TRICHURIS757Tiagba_S130_L003	18.6291	31.7738	.58630381005734284221
GFB-7145_HWNGYDSX5_2_TRICHURIS130Akakro_S93_L002	25.2941	25.6618	.98567130910536283503
GFB-7387_HWNGYDSX5_2_TRICHURIS510Akakro_S335_L002	19.8077	35.1812	.56301945357179402635
GFB-7292_HWNGYDSX5_2_TRICHURIS379Akakro_S240_L002	14.3039	24.7215	.57860162206985822057
GFB-7732_HWNGYDSX5_3_TRICHURIS992Tiagba_S302_L003	12.2824	20.8139	.59010565055083381778
GFB-7547_HWNGYDSX5_3_TRICHURIS741Tiagba_S117_L003	21.3744	20.1119	1.06277378069700028341
GFB-7166_HWNGYDSX5_2_TRICHURIS167Akakro_S114_L002	20.4346	19.8409	1.02992303776542394750
GFB-7373_HWNGYDSX5_2_TRICHURIS485Akakro_S321_L002	22.8573	21.4044	1.06787856702360262375
GFB-7233_HWNGYDSX5_2_TRICHURIS250Akakro_S181_L002	28.7814	27.3242	1.05333001515140424971
GFB-7723_HWNGYDSX5_3_TRICHURIS974Tiagba_S293_L003	25.4831	24.0622	1.05905112583221816791
GFB-7656_HWNGYDSX5_3_TRICHURIS887Tiagba_S226_L003	14.4289	25.3282	.56967727671133361233
GFB-7577_HWNGYDSX5_3_TRICHURIS777Tiagba_S147_L003	59.8178	58.0773	1.02996867967346966887
GFB-7738_HWNGYDSX5_3_TRICHURIS1001Tiagba_S308_L003	25.8274	25.3455	1.01901323706377858002
GFB-7785_HWNGYDSX5_3_TRICHURISP-4Tiagba_S355_L003	17.5988	19.6824	.89413892614721781896
GFB-7681_HWNGYDSX5_3_TRICHURIS931Tiagba_S251_L003	21.0892	19.9551	1.05683258916267019458
GFB-7332_HWNGYDSX5_2_TRICHURIS431Akakro_S280_L002	12.4979	23.234	.53791426357923732461
GFB-7579_HWNGYDSX5_3_TRICHURIS782Tiagba_S149_L003	27.6467	27.1219	1.01934967682942566708
GFB-7513_HWNGYDSX5_3_TRICHURIS702Tiagba_S83_L003	25.0388	24.3239	1.02939084604031425881
GFB-7436_HWNGYDSX5_3_TRICHURIS580Tiagba_S6_L003	27.6941	26.8322	1.03212185359381638479
GFB-7348_HWNGYDSX5_2_TRICHURIS452Akakro_S296_L002	28.7701	28.1993	1.02024163720376037703
GFB-7626_HWNGYDSX5_3_TRICHURIS836Tiagba_S196_L003	21.7436	38.7498	.56112805743513514908
GFB-7112_HWNGYDSX5_2_TRICHURIS64Akakro_S60_L002	24.6204	23.493	1.04798876261013919039
GFB-7582_HWNGYDSX5_3_TRICHURIS785Tiagba_S152_L003	24.0236	22.4074	1.07212795772825048867
GFB-7143_HWNGYDSX5_2_TRICHURIS128Akakro_S91_L002	15.4407	23.5617	.65533047275875679598
GFB-7790_HWNGYDSX5_3_TRICHURISP-9Tiagba_S360_L003	19.8174	21.4267	.92489277396892661959
GFB-7403_HWNGYDSX5_2_TRICHURIS536Tiagba_S351_L002	23.0815	23.1412	.99742018564292257964
GFB-7345_HWNGYDSX5_2_TRICHURIS446Akakro_S293_L002	18.6542	32.9816	.56559414946515632958
GFB-7306_HWNGYDSX5_2_TRICHURIS397Akakro_S254_L002	8.54733	15.3394	.55721410224650247076
GFB-7672_HWNGYDSX5_3_TRICHURIS913Tiagba_S242_L003	3.28861	0.705514	4.66129658660210853363
GFB-7646_HWNGYDSX5_3_TRICHURIS874Tiagba_S216_L003	15.1948	27.1333	.56000560197248399568
GFB-7366_HWNGYDSX5_2_TRICHURIS474Akakro_S314_L002	21.1303	18.8521	1.12084595350120145766
GFB-7459_HWNGYDSX5_3_TRICHURIS618Tiagba_S29_L003	22.3651	20.5518	1.08823071458461059371
GFB-7525_HWNGYDSX5_3_TRICHURIS715Tiagba_S95_L003	34.0501	33.1112	1.02835596414506269781
GFB-7067_HWNGYDSX5_2_TRICHURIS15Bekpou_S15_L002	16.3478	27.331	.59814130474552705718
GFB-7201_HWNGYDSX5_2_TRICHURIS211Akakro_S149_L002	22.1432	21.679	1.02141242677245260390
GFB-7224_HWNGYDSX5_2_TRICHURIS238Akakro_S172_L002	27.6784	26.4164	1.04777335291712723913
GFB-7240_HWNGYDSX5_2_TRICHURIS269Akakro_S188_L002	15.88	27.6339	.57465649075953810356
GFB-7452_HWNGYDSX5_3_TRICHURIS609Tiagba_S22_L003	15.2316	27.6323	.55122447280899527002
GFB-7581_HWNGYDSX5_3_TRICHURIS784Tiagba_S151_L003	23.5061	24.1858	.97189673279362270423
GFB-7803_HWNGYDSX5_3_TRICHURISP-22Tiagba_S373_L003	18.2916	19.5537	.93545467098298531735
GFB-7757_HWNGYDSX5_3_TRICHURIS1040Tiagba_S327_L003	21.9298	21.0662	1.04099457899383847110
GFB-7116_HWNGYDSX5_2_TRICHURIS68Akakro_S64_L002	25.9105	25.2	1.02819444444444444444
GFB-7216_HWNGYDSX5_2_TRICHURIS229Akakro_S164_L002	11.1558	20.363	.54784658449147964445
GFB-7132_HWNGYDSX5_2_TRICHURIS87Akakro_S80_L002	25.4772	24.7686	1.02860880308132070444
GFB-7678_HWNGYDSX5_3_TRICHURIS928Tiagba_S248_L003	23.8345	22.8758	1.04190891684662394320
GFB-7274_HWNGYDSX5_2_TRICHURIS358Akakro_S222_L002	26.2921	27.3332	.96191078980873077429
GFB-7210_HWNGYDSX5_2_TRICHURIS222Akakro_S158_L002	28.2533	27.8949	1.01284822673678701124
GFB-7742_HWNGYDSX5_3_TRICHURIS1005Tiagba_S312_L003	19.8709	13.7174	1.44859084082989487803
GFB-7133_HWNGYDSX5_2_TRICHURIS88Akakro_S81_L002	25.0892	22.8662	1.09721772747548783794
GFB-7638_HWNGYDSX5_3_TRICHURIS849Tiagba_S208_L003	12.6592	22.1188	.57232761270955024684
GFB-7343_HWNGYDSX5_2_TRICHURIS444Akakro_S291_L002	18.1821	26.6395	.68252407139773644400
GFB-7489_HWNGYDSX5_3_TRICHURIS652Tiagba_S59_L003	16.4154	30.6737	.53516204435721807281
GFB-7440_HWNGYDSX5_3_TRICHURIS587Tiagba_S10_L003	24.1461	23.5153	1.02682508834673595488
GFB-7549_HWNGYDSX5_3_TRICHURIS744Tiagba_S119_L003	15.878	28.4205	.55868123361657958164
GFB-7384_HWNGYDSX5_2_TRICHURIS507Akakro_S332_L002	15.6079	11.4454	1.36368322644905376832
GFB-7165_HWNGYDSX5_2_TRICHURIS166Akakro_S113_L002	21.4017	21.2336	1.00791669806344661291
GFB-7310_HWNGYDSX5_2_TRICHURIS402Akakro_S258_L002	25.8586	25.4858	1.01462775349410259830
GFB-7249_HWNGYDSX5_2_TRICHURIS279Akakro_S197_L002	25.6874	25.1538	1.02121349458133562324
GFB-7109_HWNGYDSX5_2_TRICHURIS61Akakro_S57_L002	13.5639	24.9974	.54261243169289606119
GFB-7226_HWNGYDSX5_2_TRICHURIS240Akakro_S174_L002	29.4073	27.5762	1.06640146213038779817
GFB-7406_HWNGYDSX5_2_TRICHURIS539Tiagba_S354_L002	26.5086	25.3419	1.04603837912705835000
GFB-7438_HWNGYDSX5_3_TRICHURIS582Tiagba_S8_L003	25.1826	23.7857	1.05872856380093921978
GFB-7057_HWNGYDSX5_2_TRICHURIS6Bekpou_S5_L002	26.9121	26.7637	1.00554482377249782354
GFB-7782_HWNGYDSX5_3_TRICHURISP-1Tiagba_S352_L003	11.6557	20.5765	.56645688042184044905
GFB-7302_HWNGYDSX5_2_TRICHURIS390Akakro_S250_L002	12.1473	20.4981	.59260614398407657295
GFB-7644_HWNGYDSX5_3_TRICHURIS872Tiagba_S214_L003	12.347	21.8703	.56455558451415847061
GFB-7617_HWNGYDSX5_3_TRICHURIS823Tiagba_S187_L003	14.5066	23.748	.61085565100218965807
GFB-7564_HWNGYDSX5_3_TRICHURIS764Tiagba_S134_L003	14.1311	24.5333	.57599670651726428976
GFB-7245_HWNGYDSX5_2_TRICHURIS274Akakro_S193_L002	15.3147	27.5562	.55576240555664423977
GFB-7540_HWNGYDSX5_3_TRICHURIS733Tiagba_S110_L003	14.3234	26.2426	.54580719898180820497
GFB-7316_HWNGYDSX5_2_TRICHURIS408Akakro_S264_L002	36.3874	36.0426	1.00956645746977188105
GFB-7419_HWNGYDSX5_2_TRICHURIS559Tiagba_S367_L002	15.6199	27.3288	.57155455051081642809
GFB-7654_HWNGYDSX5_3_TRICHURIS885Tiagba_S224_L003	27.9446	25.0682	1.11474298114742981147
GFB-7150_HWNGYDSX5_2_TRICHURIS137Akakro_S98_L002	17.0188	29.6854	.57330539591853234249
GFB-7082_HWNGYDSX5_2_TRICHURIS34Ahouya_S30_L002	22.611	20.8466	1.08463730296547158769
GFB-7718_HWNGYDSX5_3_TRICHURIS969Tiagba_S288_L003	15.0619	27.5501	.54670944933049244830
GFB-7103_HWNGYDSX5_2_TRICHURIS55Akakro_S51_L002	21.5329	20.698	1.04033723065030437723
GFB-7228_HWNGYDSX5_2_TRICHURIS245Akakro_S176_L002	13.5755	23.767	.57119114738923717759
GFB-7392_HWNGYDSX5_2_TRICHURIS519Akakro_S340_L002	10.2607	8.20827	1.25004416277729655579
GFB-7461_HWNGYDSX5_3_TRICHURIS621Tiagba_S31_L003	25.2411	21.5827	1.16950613222627382116
GFB-7557_HWNGYDSX5_3_TRICHURIS753Tiagba_S127_L003	15.833	29.5302	.53616297891649904165
GFB-7556_HWNGYDSX5_3_TRICHURIS751Tiagba_S126_L003	15.4369	25.6127	.60270490811199131680
GFB-7341_HWNGYDSX5_2_TRICHURIS442Akakro_S289_L002	19.3624	17.6562	1.09663460993871841053
GFB-7118_HWNGYDSX5_2_TRICHURIS70Akakro_S66_L002	21.3366	19.573	1.09010371430031165380
GFB-7442_HWNGYDSX5_3_TRICHURIS590Tiagba_S12_L003	27.0452	26.6743	1.01390476975965629838
GFB-7698_HWNGYDSX5_3_TRICHURIS949Tiagba_S268_L003	22.5914	21.5344	1.04908425588825321346
GFB-7498_HWNGYDSX5_3_TRICHURIS686Tiagba_S68_L003	24.2922	22.3729	1.08578682245037523074
GFB-7238_HWNGYDSX5_2_TRICHURIS267Akakro_S186_L002	13.817	24.289	.56885833093169747622
GFB-7415_HWNGYDSX5_2_TRICHURIS549Tiagba_S363_L002	23.5558	23.6937	.99417988748063831313
GFB-7445_HWNGYDSX5_3_TRICHURIS598Tiagba_S15_L003	14.1525	22.8155	.62030198768381144397
GFB-7339_HWNGYDSX5_2_TRICHURIS440Akakro_S287_L002	29.885	27.1785	1.09958239049248486855
GFB-7305_HWNGYDSX5_2_TRICHURIS396Akakro_S253_L002	20.159	18.7556	1.07482565207191452152
GFB-7200_HWNGYDSX5_2_TRICHURIS209Akakro_S148_L002	2.74182	1.42064	1.92998930059691406689
GFB-7129_HWNGYDSX5_2_TRICHURIS84Akakro_S77_L002	14.848	20.9113	.71004672115076537565
GFB-7334_HWNGYDSX5_2_TRICHURIS435Akakro_S282_L002	15.6314	11.3713	1.37463614538355333163
GFB-7184_HWNGYDSX5_2_TRICHURIS190Akakro_S132_L002	25.5689	25.3471	1.00875050794765476129
GFB-7651_HWNGYDSX5_3_TRICHURIS881Tiagba_S221_L003	24.6703	23.1031	1.06783505243885019759
GFB-7500_HWNGYDSX5_3_TRICHURIS688Tiagba_S70_L003	24.7541	23.3005	1.06238492736207377524
GFB-7138_HWNGYDSX5_2_TRICHURIS93Akakro_S86_L002	58.8876	104.937	.56117098830727007633
GFB-7664_HWNGYDSX5_3_TRICHURIS895Tiagba_S234_L003	20.6324	18.5763	1.11068404364701259131
GFB-7223_HWNGYDSX5_2_TRICHURIS237Akakro_S171_L002	24.9621	24.6392	1.01310513328354816714
GFB-7756_HWNGYDSX5_3_TRICHURIS1037Tiagba_S326_L003	22.9568	23.7905	.96495660032365860322
GFB-7543_HWNGYDSX5_3_TRICHURIS736Tiagba_S113_L003	12.5048	23.3288	.53602414183327046397
GFB-7590_HWNGYDSX5_3_TRICHURIS793Tiagba_S160_L003	40.1412	38.3307	1.04723367953102865327
GFB-7454_HWNGYDSX5_3_TRICHURIS612Tiagba_S24_L003	20.4591	19.4799	1.05026719849691220180
GFB-7648_HWNGYDSX5_3_TRICHURIS878Tiagba_S218_L003	23.2815	22.6604	1.02740904838396497855
GFB-7668_HWNGYDSX5_3_TRICHURIS899Tiagba_S238_L003	13.8119	24.7136	.55887851223617765117
GFB-7468_HWNGYDSX5_3_TRICHURIS631Tiagba_S38_L003	23.3267	20.0503	1.16340902629885837119
GFB-7131_HWNGYDSX5_2_TRICHURIS86Akakro_S79_L002	16.8003	5.23828	3.20721687271394427178
GFB-7205_HWNGYDSX5_2_TRICHURIS215Akakro_S153_L002	14.1587	22.9017	.61823794740128462079
GFB-7786_HWNGYDSX5_3_TRICHURISP-5Tiagba_S356_L003	12.7344	22.2879	.57135934744861561654
GFB-7064_HWNGYDSX5_2_TRICHURIS12Bekpou_S12_L002	18.7023	30.3471	.61627964451298476625
GFB-7640_HWNGYDSX5_3_TRICHURIS852Tiagba_S210_L003	19.7229	18.8525	1.04616894311099323697
GFB-7451_HWNGYDSX5_3_TRICHURIS608Tiagba_S21_L003	14.4574	24.2614	.59590130825096655592
GFB-7497_HWNGYDSX5_3_TRICHURIS685Tiagba_S67_L003	35.5999	44.4129	.80156666193831071603
GFB-7276_HWNGYDSX5_2_TRICHURIS360Akakro_S224_L002	24.6143	23.6742	1.03970989516013212695
GFB-7550_HWNGYDSX5_3_TRICHURIS745Tiagba_S120_L003	18.0401	33.962	.53118485365997291090
GFB-7080_HWNGYDSX5_2_TRICHURIS32Bekpou_S28_L002	14.4625	11.8859	1.21677786284589303292
GFB-7174_HWNGYDSX5_2_TRICHURIS175Akakro_S122_L002	20.3942	20.4033	.99955399371670269025
GFB-7424_HWNGYDSX5_2_TRICHURIS564Tiagba_S372_L002	22.3442	21.1097	1.05848022473081095420
GFB-7427_HWNGYDSX5_2_TRICHURIS570Tiagba_S375_L002	21.8835	20.9773	1.04319907709762457513
GFB-7372_HWNGYDSX5_2_TRICHURIS483Akakro_S320_L002	17.2127	15.7257	1.09455858880685756436
GFB-7194_HWNGYDSX5_2_TRICHURIS203Akakro_S142_L002	19.3295	33.6852	.57382767506204505242
GFB-7641_HWNGYDSX5_3_TRICHURIS853Tiagba_S211_L003	13.1405	23.1453	.56773945466250167420
GFB-7623_HWNGYDSX5_3_TRICHURIS833Tiagba_S193_L003	26.9601	27.6792	.97402020289603745772
GFB-7462_HWNGYDSX5_3_TRICHURIS622Tiagba_S32_L003	21.457	18.9522	1.13216407593841348233
GFB-7484_HWNGYDSX5_3_TRICHURIS647Tiagba_S54_L003	24.0216	23.8921	1.00542020165661452948
GFB-7620_HWNGYDSX5_3_TRICHURIS830Tiagba_S190_L003	20.8403	18.4042	1.13236652503232957694
GFB-7516_HWNGYDSX5_3_TRICHURIS706Tiagba_S86_L003	21.7744	22.0593	.98708481230138762336
GFB-7708_HWNGYDSX5_3_TRICHURIS959Tiagba_S278_L003	14.8426	22.536	.65861732339368122115
GFB-7655_HWNGYDSX5_3_TRICHURIS886Tiagba_S225_L003	13.2004	23.6127	.55903814472720188712
GFB-7503_HWNGYDSX5_3_TRICHURIS691Tiagba_S73_L003	21.734	21.5011	1.01083200394398426127
GFB-7344_HWNGYDSX5_2_TRICHURIS445Akakro_S292_L002	23.8887	20.3382	1.17457297105938578635
GFB-7241_HWNGYDSX5_2_TRICHURIS270Akakro_S189_L002	39.6628	40.7218	.97399427333762260017
GFB-7125_HWNGYDSX5_2_TRICHURIS80Akakro_S73_L002	27.4815	25.6392	1.07185481606290367874
GFB-7083_HWNGYDSX5_2_TRICHURIS35Ahouya_S31_L002	24.9569	23.4876	1.06255641274544866227
GFB-7692_HWNGYDSX5_3_TRICHURIS943Tiagba_S262_L003	25.1589	26.3107	.95622313355402934927
GFB-7663_HWNGYDSX5_3_TRICHURIS894Tiagba_S233_L003	13.2159	22.6444	.58362774019183550900
GFB-7707_HWNGYDSX5_3_TRICHURIS958Tiagba_S277_L003	25.212	25.4953	.98888814801159429385
GFB-7070_HWNGYDSX5_2_TRICHURIS18Bekpou_S18_L002	23.102	21.2854	1.08534488428688208819
GFB-7485_HWNGYDSX5_3_TRICHURIS648Tiagba_S55_L003	13.9168	24.3148	.57235922154408014871
GFB-7506_HWNGYDSX5_3_TRICHURIS694Tiagba_S76_L003	23.568	24.5764	.95896876678439478524
GFB-7380_HWNGYDSX5_2_TRICHURIS500Akakro_S328_L002	15.0307	22.9359	.65533508604414912865
GFB-7167_HWNGYDSX5_2_TRICHURIS168Akakro_S115_L002	16.034	27.2491	.58842310388233005860
GFB-7137_HWNGYDSX5_2_TRICHURIS92Akakro_S85_L002	23.6482	22.0788	1.07108176168994691740
GFB-7192_HWNGYDSX5_2_TRICHURIS200Akakro_S140_L002	27.5223	25.7394	1.06926734888925149770
GFB-7779_HWNGYDSX5_3_TRICHURIS1094Tiagba_S349_L003	17.5145	30.1648	.58062708852702487667
GFB-7060_HWNGYDSX5_2_TRICHURIS9Bekpou_S8_L002	16.4532	30.0522	.54748737197276738475
GFB-7400_HWNGYDSX5_2_TRICHURIS533Akakro_S348_L002	5.13221	1.91469	2.68043913113872219523
GFB-7096_HWNGYDSX5_2_TRICHURIS48Ahouya_S44_L002	24.3334	23.1529	1.05098713336126359980
GFB-7149_HWNGYDSX5_2_TRICHURIS134Akakro_S97_L002	25.894	24.5783	1.05353096023728248088
GFB-7169_HWNGYDSX5_2_TRICHURIS170Akakro_S117_L002	28.0805	27.8941	1.00668241671177775945
GFB-7333_HWNGYDSX5_2_TRICHURIS434Akakro_S281_L002	13.0613	21.8138	.59876316826962748351
GFB-7170_HWNGYDSX5_2_TRICHURIS171Akakro_S118_L002	28.0411	27.2175	1.03025994305134564159
GFB-7363_HWNGYDSX5_2_TRICHURIS468Akakro_S311_L002	13.0583	21.5334	.60642072315565586484
GFB-7280_HWNGYDSX5_2_TRICHURIS364Akakro_S228_L002	24.0548	23.2311	1.03545677992002100632
GFB-7471_HWNGYDSX5_3_TRICHURIS634Tiagba_S41_L003	18.6813	18.5237	1.00850801945615616750
GFB-7798_HWNGYDSX5_3_TRICHURISP-17Tiagba_S368_L003	17.1919	18.9822	.90568532625301598339
GFB-7144_HWNGYDSX5_2_TRICHURIS129Akakro_S92_L002	24.7481	21.3966	1.15663703579073310712
GFB-7725_HWNGYDSX5_3_TRICHURIS976Tiagba_S295_L003	18.6098	15.9961	1.16339607779396227830
GFB-7102_HWNGYDSX5_2_TRICHURIS54NDoumikro_S50_L002	18.365	16.6257	1.10461514402401101908
GFB-7076_HWNGYDSX5_2_TRICHURIS28Bekpou_S24_L002	16.3255	14.2599	1.14485375072756470942
GFB-7349_HWNGYDSX5_2_TRICHURIS453Akakro_S297_L002	4.59627	4.3949	1.04581901749755398302
GFB-7277_HWNGYDSX5_2_TRICHURIS361Akakro_S225_L002	9.80494	16.0558	.61067900696321578494
GFB-7600_HWNGYDSX5_3_TRICHURIS806Tiagba_S170_L003	29.1811	27.6385	1.05581344863143803028
GFB-7107_HWNGYDSX5_2_TRICHURIS59Akakro_S55_L002	25.3992	24.327	1.04407448513996793686
GFB-7553_HWNGYDSX5_3_TRICHURIS748Tiagba_S123_L003	13.9521	25.1043	.55576534697243101779
GFB-7636_HWNGYDSX5_3_TRICHURIS846Tiagba_S206_L003	14.7929	27.0552	.54676734971465744108
GFB-7196_HWNGYDSX5_2_TRICHURIS205Akakro_S144_L002	20.8569	19.309	1.08016469004091356362
GFB-7208_HWNGYDSX5_2_TRICHURIS220Akakro_S156_L002	22.185	21.4811	1.03276834054121995614
GFB-7470_HWNGYDSX5_3_TRICHURIS633Tiagba_S40_L003	24.4587	24.2779	1.00744710209696884821
GFB-7121_HWNGYDSX5_2_TRICHURIS76Akakro_S69_L002	12.025	22.0593	.54512155870766524776
GFB-7660_HWNGYDSX5_3_TRICHURIS891Tiagba_S230_L003	15.5276	25.7734	.60246610846842093010
GFB-7777_HWNGYDSX5_3_TRICHURIS1092Tiagba_S347_L003	25.4956	24.7365	1.03068744567744021991
GFB-7767_HWNGYDSX5_3_TRICHURIS1076Tiagba_S337_L003	20.3192	16.1622	1.25720508346635977775
GFB-7776_HWNGYDSX5_3_TRICHURIS1090Tiagba_S346_L003	22.9818	19.4443	1.18192992290799874513
GFB-7085_HWNGYDSX5_2_TRICHURIS37Ahouya_S33_L002	22.4143	22.8099	.98265665347064213345
GFB-7382_HWNGYDSX5_2_TRICHURIS505Akakro_S330_L002	15.6	9.81577	1.58927929240395812045
GFB-7616_HWNGYDSX5_3_TRICHURIS822Tiagba_S186_L003	23.4738	24.2868	.96652502594001679924
GFB-7207_HWNGYDSX5_2_TRICHURIS219Akakro_S155_L002	19.898	18.2533	1.09010425512099182065
GFB-7711_HWNGYDSX5_3_TRICHURIS962Tiagba_S281_L003	25.5412	25.3123	1.00904303441409907436
GFB-7195_HWNGYDSX5_2_TRICHURIS204Akakro_S143_L002	26.826	26.2685	1.02122313797894816986
GFB-7378_HWNGYDSX5_2_TRICHURIS498Akakro_S326_L002	10.7829	17.9628	.60029060057452067606
GFB-7544_HWNGYDSX5_3_TRICHURIS738Tiagba_S114_L003	26.197	26.6181	.98417993771155717350
GFB-7515_HWNGYDSX5_3_TRICHURIS705Tiagba_S85_L003	24.5004	22.6466	1.08185776231310660319
GFB-7232_HWNGYDSX5_2_TRICHURIS249Akakro_S180_L002	28.9908	26.285	1.10294084078371694883
GFB-7734_HWNGYDSX5_3_TRICHURIS996Tiagba_S304_L003	13.5908	24.4591	.55565413281764251342
GFB-7743_HWNGYDSX5_3_TRICHURIS1006Tiagba_S313_L003	14.6844	25.1318	.58429559363038063330
GFB-7397_HWNGYDSX5_2_TRICHURIS527Akakro_S345_L002	21.2626	19.0924	1.11366826590685298862
GFB-7702_HWNGYDSX5_3_TRICHURIS953Tiagba_S272_L003	22.0682	21.6559	1.01903869153440863690
GFB-7069_HWNGYDSX5_2_TRICHURIS17Bekpou_S17_L002	14.5918	24.8366	.58751197829010412053
GFB-7353_HWNGYDSX5_2_TRICHURIS458Akakro_S301_L002	24.4475	21.4354	1.14051988766246489452
GFB-7585_HWNGYDSX5_3_TRICHURIS788Tiagba_S155_L003	18.555	17.0828	1.08618025148102184653
GFB-7437_HWNGYDSX5_3_TRICHURIS581Tiagba_S7_L003	25.1042	23.3293	1.07608029387937057691
GFB-7457_HWNGYDSX5_3_TRICHURIS616Tiagba_S27_L003	16.7804	14.7093	1.14080207759716641852
GFB-7448_HWNGYDSX5_3_TRICHURIS601Tiagba_S18_L003	22.6117	20.9381	1.07993084377283516651
GFB-7517_HWNGYDSX5_3_TRICHURIS707Tiagba_S87_L003	22.0886	20.4084	1.08232884498539816938
GFB-7791_HWNGYDSX5_3_TRICHURISP-10Tiagba_S361_L003	15.8902	19.2061	.82735172679513279635
GFB-7126_HWNGYDSX5_2_TRICHURIS81Akakro_S74_L002	19.6599	19.0809	1.03034448060626071097
GFB-7771_HWNGYDSX5_3_TRICHURIS1083Tiagba_S341_L003	14.4652	13.1206	1.10248006950901635595
GFB-7494_HWNGYDSX5_3_TRICHURIS682Tiagba_S64_L003	15.6993	26.7297	.58733543586347770457
GFB-7262_HWNGYDSX5_2_TRICHURIS326Akakro_S210_L002	24.2582	23.8506	1.01708971682054120231
GFB-7321_HWNGYDSX5_2_TRICHURIS416Akakro_S269_L002	33.6849	35.1424	.95852588326352212711
GFB-7079_HWNGYDSX5_2_TRICHURIS31Bekpou_S27_L002	13.7407	25.8432	.53169499133234274393
GFB-7568_HWNGYDSX5_3_TRICHURIS768Tiagba_S138_L003	12.1314	20.915	.58003346880229500358
GFB-7463_HWNGYDSX5_3_TRICHURIS623Tiagba_S33_L003	17.5738	17.6647	.99485414414057413938
GFB-7631_HWNGYDSX5_3_TRICHURIS842Tiagba_S201_L003	23.0466	21.5644	1.06873365361429021906
GFB-7296_HWNGYDSX5_2_TRICHURIS384Akakro_S244_L002	14.5067	26.108	.55564194882794545733
GFB-7246_HWNGYDSX5_2_TRICHURIS275Akakro_S194_L002	14.1997	24.479	.58007680052289717717
GFB-7769_HWNGYDSX5_3_TRICHURIS1078Tiagba_S339_L003	13.168	22.1914	.59338302225186333444
GFB-7094_HWNGYDSX5_2_TRICHURIS46Ahouya_S42_L002	14.6613	25.7597	.56915647309557176519
GFB-7081_HWNGYDSX5_2_TRICHURIS33Bekpou_S29_L002	20.0133	17.8647	1.12027070143915095131
GFB-7381_HWNGYDSX5_2_TRICHURIS504Akakro_S329_L002	10.4447	18.2548	.57216184236474790192
GFB-7091_HWNGYDSX5_2_TRICHURIS43Ahouya_S39_L002	25.6805	24.4329	1.05106229714851695869
GFB-7508_HWNGYDSX5_3_TRICHURIS696Tiagba_S78_L003	13.6672	23.7122	.57637840436568517472
GFB-7765_HWNGYDSX5_3_TRICHURIS1074Tiagba_S335_L003	23.1179	23.4504	.98582113737931975573
GFB-7595_HWNGYDSX5_3_TRICHURIS799Tiagba_S165_L003	19.6376	18.6501	1.05294877775454287108
GFB-7283_HWNGYDSX5_2_TRICHURIS368Akakro_S231_L002	21.0399	19.5738	1.07490114336511050485
GFB-7175_HWNGYDSX5_2_TRICHURIS176Akakro_S123_L002	21.3511	21.0018	1.01663190774124122694
GFB-7215_HWNGYDSX5_2_TRICHURIS228Akakro_S163_L002	12.5824	21.9253	.57387584206373458972
GFB-7783_HWNGYDSX5_3_TRICHURISP-2Tiagba_S353_L003	17.0237	18.8568	.90278838403122481014
GFB-7101_HWNGYDSX5_2_TRICHURIS53NDoumikro_S49_L002	15.2364	27.4022	.55602834808883958222
GFB-7146_HWNGYDSX5_2_TRICHURIS131Akakro_S94_L002	23.118	23.7317	.97414007424668270709
GFB-7330_HWNGYDSX5_2_TRICHURIS429Akakro_S278_L002	16.5034	29.3462	.56236923349530774001
GFB-7258_HWNGYDSX5_2_TRICHURIS322Akakro_S206_L002	15.4101	25.6643	.60044887255837875959
GFB-7313_HWNGYDSX5_2_TRICHURIS405Akakro_S261_L002	17.5384	32.7854	.53494543302811617366
GFB-7066_HWNGYDSX5_2_TRICHURIS14Bekpou_S14_L002	16.1996	28.177	.57492280938353976647
GFB-7759_HWNGYDSX5_3_TRICHURIS1062Tiagba_S329_L003	1.7689	0.807194	2.19141866763132530717
GFB-7455_HWNGYDSX5_3_TRICHURIS613Tiagba_S25_L003	23.0378	21.1059	1.09153364698970430069
GFB-7072_HWNGYDSX5_2_TRICHURIS20Bekpou_S20_L002	23.7087	22.4569	1.05574233309138839287
GFB-7243_HWNGYDSX5_2_TRICHURIS272Akakro_S191_L002	14.6636	25.9493	.56508653412616139934
GFB-7055_HWNGYDSX5_2_TRICHURIS4Bekpou_S3_L002	28.8729	25.3485	1.13903781288833658796
GFB-7611_HWNGYDSX5_3_TRICHURIS817Tiagba_S181_L003	23.0433	22.9164	1.00553751898203906372
GFB-7278_HWNGYDSX5_2_TRICHURIS362Akakro_S226_L002	14.1827	24.953	.56837654791007093335
GFB-7242_HWNGYDSX5_2_TRICHURIS271Akakro_S190_L002	14.7832	25.7697	.57366597205244919420
GFB-7773_HWNGYDSX5_3_TRICHURIS1086Tiagba_S343_L003	19.9429	18.1797	1.09698729902033586912
GFB-7740_HWNGYDSX5_3_TRICHURIS1003Tiagba_S310_L003	25.8071	27.2834	.94589017497819186758
GFB-7300_HWNGYDSX5_2_TRICHURIS388Akakro_S248_L002	21.0502	22.1098	.95207555020850482591
GFB-7464_HWNGYDSX5_3_TRICHURIS624Tiagba_S34_L003	24.8799	22.2186	1.11977802381788231481
GFB-7697_HWNGYDSX5_3_TRICHURIS948Tiagba_S267_L003	13.8295	23.5973	.58606281227089539904
GFB-7220_HWNGYDSX5_2_TRICHURIS233Akakro_S168_L002	24.8616	25.5837	.97177499736160133209
GFB-7533_HWNGYDSX5_3_TRICHURIS726Tiagba_S103_L003	14.9544	26.8745	.55645314331429421942
GFB-7235_HWNGYDSX5_2_TRICHURIS264Akakro_S183_L002	26.4278	28.6608	.92208870652598671355
GFB-7605_HWNGYDSX5_3_TRICHURIS811Tiagba_S175_L003	31.2442	33.0167	.94631504662791859876
GFB-7162_HWNGYDSX5_2_TRICHURIS161Akakro_S110_L002	17.1741	29.0896	.59038625488146966613
GFB-7491_HWNGYDSX5_3_TRICHURIS654Tiagba_S61_L003	21.8659	22.7377	.96165839113014948741
GFB-7396_HWNGYDSX5_2_TRICHURIS526Akakro_S344_L002	13.6074	24.2086	.56208950538238477235
GFB-7412_HWNGYDSX5_2_TRICHURIS545Tiagba_S360_L002	19.7722	18.7811	1.05277113694086075895
GFB-7391_HWNGYDSX5_2_TRICHURIS518Akakro_S339_L002	6.2701	3.71098	1.68960759691510059337
GFB-7558_HWNGYDSX5_3_TRICHURIS754Tiagba_S128_L003	16.9712	29.8483	.56858179527812304218
GFB-7701_HWNGYDSX5_3_TRICHURIS952Tiagba_S271_L003	25.9054	25.6704	1.00915451259037646472
GFB-7475_HWNGYDSX5_3_TRICHURIS638Tiagba_S45_L003	16.5721	29.0938	.56960933257257560029
GFB-7748_HWNGYDSX5_3_TRICHURIS1012Tiagba_S318_L003	25.3183	21.5013	1.17752414970257612330
GFB-7180_HWNGYDSX5_2_TRICHURIS182Akakro_S128_L002	38.4486	38.3165	1.00344760090300523273
GFB-7615_HWNGYDSX5_3_TRICHURIS821Tiagba_S185_L003	23.4516	22.2648	1.05330386978549099924
GFB-7254_HWNGYDSX5_2_TRICHURIS318Akakro_S202_L002	27.2894	26.585	1.02649614444235471130
GFB-7688_HWNGYDSX5_3_TRICHURIS938Tiagba_S258_L003	15.4359	29.0899	.53062746864031846104
GFB-7234_HWNGYDSX5_2_TRICHURIS254Akakro_S182_L002	15.455	28.384	.54449689966178128523
GFB-7236_HWNGYDSX5_2_TRICHURIS265Akakro_S184_L002	14.784	27.1962	.54360535663070576036
GFB-7287_HWNGYDSX5_2_TRICHURIS374Akakro_S235_L002	29.3863	29.5125	.99572384582803896653
GFB-7690_HWNGYDSX5_3_TRICHURIS940Tiagba_S260_L003	15.5661	28.0217	.55550162909459454636
GFB-7183_HWNGYDSX5_2_TRICHURIS189Akakro_S131_L002	28.0653	28.2124	.99478598063262962385
GFB-7686_HWNGYDSX5_3_TRICHURIS936Tiagba_S256_L003	15.9955	26.7136	.59877740177287973167
GFB-7795_HWNGYDSX5_3_TRICHURISP-14Tiagba_S365_L003	7.70416	8.33242	.92460053621876957714
GFB-7602_HWNGYDSX5_3_TRICHURIS808Tiagba_S172_L003	16.2656	26.8206	.60645921418611067612
GFB-7541_HWNGYDSX5_3_TRICHURIS734Tiagba_S111_L003	11.1594	13.0856	.85280002445436204683
GFB-7758_HWNGYDSX5_3_TRICHURIS1054Tiagba_S328_L003	16.2164	11.3554	1.42807827113091568769
GFB-7279_HWNGYDSX5_2_TRICHURIS363Akakro_S227_L002	15.9852	28.9002	.55311727946519401249
GFB-7608_HWNGYDSX5_3_TRICHURIS814Tiagba_S178_L003	26.545	26.3572	1.00712518780447088461
GFB-7355_HWNGYDSX5_2_TRICHURIS460Akakro_S303_L002	19.4708	18.1815	1.07091274097296702692
GFB-7466_HWNGYDSX5_3_TRICHURIS626Tiagba_S36_L003	23.3918	23.3582	1.00143846700516306907
GFB-7486_HWNGYDSX5_3_TRICHURIS649Tiagba_S56_L003	14.2201	26.0264	.54637214520640580333
GFB-7552_HWNGYDSX5_3_TRICHURIS747Tiagba_S122_L003	25.9562	25.3134	1.02539366501536735483
GFB-7665_HWNGYDSX5_3_TRICHURIS896Tiagba_S235_L003	16.9037	30.1764	.56016290876313940695
GFB-7263_HWNGYDSX5_2_TRICHURIS327Akakro_S211_L002	22.1295	20.4138	1.08404608647091673279
GFB-7304_HWNGYDSX5_2_TRICHURIS395Akakro_S252_L002	12.1873	20.026	.60857385398981324278
GFB-7147_HWNGYDSX5_2_TRICHURIS132Akakro_S95_L002	17.8406	32.4393	.54996871079215642754
GFB-7356_HWNGYDSX5_2_TRICHURIS461Akakro_S304_L002	8.00379	6.68428	1.19740495610596803245
GFB-7404_HWNGYDSX5_2_TRICHURIS537Tiagba_S352_L002	22.5635	22.8027	.98951001416498923373
GFB-7098_HWNGYDSX5_2_TRICHURIS50Ahouya_S46_L002	20.2968	18.3258	1.10755328553187309694
GFB-7559_HWNGYDSX5_3_TRICHURIS756Tiagba_S129_L003	25.6063	27.5938	.92797295044538990642
GFB-7761_HWNGYDSX5_3_TRICHURIS1068Tiagba_S331_L003	0.166751	0.149709	1.11383417162628833269
GFB-7256_HWNGYDSX5_2_TRICHURIS320Akakro_S204_L002	23.347	23.0588	1.01249848214130830745
GFB-7495_HWNGYDSX5_3_TRICHURIS683Tiagba_S65_L003	13.5201	24.0851	.56134705689409635002
GFB-7739_HWNGYDSX5_3_TRICHURIS1002Tiagba_S309_L003	18.7795	17.1907	1.09242206541909288161
GFB-7261_HWNGYDSX5_2_TRICHURIS325Akakro_S209_L002	20.7003	21.0686	.98251900933142211632
GFB-7563_HWNGYDSX5_3_TRICHURIS763Tiagba_S133_L003	23.5488	22.4277	1.04998729249989967763
GFB-7518_HWNGYDSX5_3_TRICHURIS708Tiagba_S88_L003	12.97	21.5811	.60098882818762713670
GFB-7669_HWNGYDSX5_3_TRICHURIS900Tiagba_S239_L003	23.9254	22.8906	1.04520632923558141769
GFB-7629_HWNGYDSX5_3_TRICHURIS840Tiagba_S199_L003	14.3521	25.0604	.57270035594004884199
GFB-7417_HWNGYDSX5_2_TRICHURIS553Tiagba_S365_L002	21.6198	21.2696	1.01646481363072178132
GFB-7433_HWNGYDSX5_3_TRICHURIS577Tiagba_S3_L003	26.1809	26.6725	.98156903177429937201
GFB-7429_HWNGYDSX5_2_TRICHURIS573Tiagba_S377_L002	23.4886	22.7865	1.03081210365786759704
GFB-7327_HWNGYDSX5_2_TRICHURIS423Akakro_S275_L002	34.4648	32.9813	1.04498003414055843766
GFB-7747_HWNGYDSX5_3_TRICHURIS1010Tiagba_S317_L003	11.3523	18.8389	.60259887785380250439
GFB-7441_HWNGYDSX5_3_TRICHURIS588Tiagba_S11_L003	14.7905	25.0472	.59050512632150499856
GFB-7237_HWNGYDSX5_2_TRICHURIS266Akakro_S185_L002	24.552	24.0725	1.01991899470349984422
GFB-7741_HWNGYDSX5_3_TRICHURIS1004Tiagba_S311_L003	21.7389	20.8126	1.04450669306093424175
GFB-7806_HWNGYDSX5_3_TRICHURISP-25Tiagba_S376_L003	13.3089	24.495	.54333129210042865890
GFB-7705_HWNGYDSX5_3_TRICHURIS956Tiagba_S275_L003	24.1864	22.9934	1.05188445379978602555
GFB-7721_HWNGYDSX5_3_TRICHURIS972Tiagba_S291_L003	29.0494	28.2951	1.02665832599990811129
GFB-7667_HWNGYDSX5_3_TRICHURIS898Tiagba_S237_L003	16.915	15.8026	1.07039347955399744345
GFB-7794_HWNGYDSX5_3_TRICHURISP-13Tiagba_S364_L003	13.1663	14.8705	.88539726303755758044
GFB-7065_HWNGYDSX5_2_TRICHURIS13Bekpou_S13_L002	13.9926	23.5532	.59408488018613182072
GFB-7449_HWNGYDSX5_3_TRICHURIS606Tiagba_S19_L003	24.4774	24.4176	1.00244905314199593735
GFB-7248_HWNGYDSX5_2_TRICHURIS278Akakro_S196_L002	14.9005	26.9051	.55381693433586940765
GFB-7395_HWNGYDSX5_2_TRICHURIS525Akakro_S343_L002	21.0637	20.5949	1.02276291703285764922
GFB-7336_HWNGYDSX5_2_TRICHURIS437Akakro_S284_L002	26.7129	24.7267	1.08032612520069398666
GFB-7530_HWNGYDSX5_3_TRICHURIS720Tiagba_S100_L003	25.3843	23.7398	1.06927185570223843503
GFB-7092_HWNGYDSX5_2_TRICHURIS44Ahouya_S40_L002	26.4399	25.8919	1.02116492030326086536
GFB-7362_HWNGYDSX5_2_TRICHURIS467Akakro_S310_L002	14.6648	24.1297	.60774895667994214598
GFB-7265_HWNGYDSX5_2_TRICHURIS329Akakro_S213_L002	31.2986	31.8531	.98259196122198467339
GFB-7163_HWNGYDSX5_2_TRICHURIS162Akakro_S111_L002	28.5094	26.9205	1.05902193495663156330
GFB-7409_HWNGYDSX5_2_TRICHURIS542Tiagba_S357_L002	13.9143	22.1273	.62882954540318972490
GFB-7095_HWNGYDSX5_2_TRICHURIS47Ahouya_S43_L002	19.1602	19.221	.99683679309089017220
GFB-7770_HWNGYDSX5_3_TRICHURIS1082Tiagba_S340_L003	16.8279	21.0077	.80103485864706750382
GFB-7152_HWNGYDSX5_2_TRICHURIS142Akakro_S100_L002	26.0305	24.9345	1.04395516252581764222
GFB-7467_HWNGYDSX5_3_TRICHURIS630Tiagba_S37_L003	22.935	21.4132	1.07106831300319429137
GFB-7352_HWNGYDSX5_2_TRICHURIS457Akakro_S300_L002	3.29076	0.659065	4.99307352082116331469
GFB-7099_HWNGYDSX5_2_TRICHURIS51Ahouya_S47_L002	26.3842	24.8587	1.06136684541025878263
GFB-7426_HWNGYDSX5_2_TRICHURIS569Tiagba_S374_L002	22.3868	21.739	1.02979897879387276323
GFB-7472_HWNGYDSX5_3_TRICHURIS635Tiagba_S42_L003	20.8003	19.5046	1.06643048306553325882
GFB-7685_HWNGYDSX5_3_TRICHURIS935Tiagba_S255_L003	0.000154637	0.000146	1.05915753424657534246
GFB-7120_HWNGYDSX5_2_TRICHURIS75Akakro_S68_L002	33.6682	40.4072	.83322279197766734641
GFB-7181_HWNGYDSX5_2_TRICHURIS184Akakro_S129_L002	26.273	27.2997	.96239152811203053513
GFB-7522_HWNGYDSX5_3_TRICHURIS712Tiagba_S92_L003	15.1703	27.8434	.54484366133446346351
GFB-7361_HWNGYDSX5_2_TRICHURIS466Akakro_S309_L002	24.1625	22.42	1.07772078501338090990
GFB-7211_HWNGYDSX5_2_TRICHURIS223Akakro_S159_L002	12.5844	20.8871	.60249627760675249316
GFB-7295_HWNGYDSX5_2_TRICHURIS383Akakro_S243_L002	15.4754	27.3849	.56510704804472537785
GFB-7729_HWNGYDSX5_3_TRICHURIS980Tiagba_S299_L003	23.8209	23.278	1.02332245038233525216
GFB-7713_HWNGYDSX5_3_TRICHURIS964Tiagba_S283_L003	30.9597	29.6483	1.04423187838763099401
GFB-7733_HWNGYDSX5_3_TRICHURIS995Tiagba_S303_L003	24.1628	24.1901	.99887143914245910517
GFB-7755_HWNGYDSX5_3_TRICHURIS1035Tiagba_S325_L003	24.2394	24.1125	1.00526283048211508553
GFB-7561_HWNGYDSX5_3_TRICHURIS758Tiagba_S131_L003	13.0393	22.1851	.58775033693785468625
GFB-7676_HWNGYDSX5_3_TRICHURIS926Tiagba_S246_L003	24.8263	25.8087	.96193531638555990809
GFB-7630_HWNGYDSX5_3_TRICHURIS841Tiagba_S200_L003	18.8953	17.6836	1.06852111560994367662
GFB-7680_HWNGYDSX5_3_TRICHURIS930Tiagba_S250_L003	21.0617	21.2684	.99028135637847698933
GFB-7187_HWNGYDSX5_2_TRICHURIS194Akakro_S135_L002	12.5559	22.8249	.55009660502346121998
GFB-7639_HWNGYDSX5_3_TRICHURIS850Tiagba_S209_L003	11.4403	20.415	.56038697036492774920
GFB-7148_HWNGYDSX5_2_TRICHURIS133Akakro_S96_L002	16.7045	28.5224	.58566249684458530838
GFB-7421_HWNGYDSX5_2_TRICHURIS561Tiagba_S369_L002	14.1995	24.9371	.56941264220779481174
GFB-7618_HWNGYDSX5_3_TRICHURIS824Tiagba_S188_L003	26.6533	25.8279	1.03195768916559224714
GFB-7720_HWNGYDSX5_3_TRICHURIS971Tiagba_S290_L003	21.5527	21.2424	1.01460757729823372123
GFB-7273_HWNGYDSX5_2_TRICHURIS357Akakro_S221_L002	21.528	37.4983	.57410602613985167327
GFB-7188_HWNGYDSX5_2_TRICHURIS195Akakro_S136_L002	17.1937	17.5609	.97908990997044570608
GFB-7775_HWNGYDSX5_3_TRICHURIS1089Tiagba_S345_L003	11.1197	3.12578	3.55741606894919028210
GFB-7199_HWNGYDSX5_2_TRICHURIS208Akakro_S147_L002	21.5334	20.3404	1.05865174726160744134
GFB-7512_HWNGYDSX5_3_TRICHURIS701Tiagba_S82_L003	26.1756	25.4031	1.03040967440981612480
GFB-7111_HWNGYDSX5_2_TRICHURIS63Akakro_S59_L002	13.6184	22.7353	.59899803389442848785
GFB-7772_HWNGYDSX5_3_TRICHURIS1085Tiagba_S342_L003	12.2648	14.5996	.84007781035096851968
GFB-7521_HWNGYDSX5_3_TRICHURIS711Tiagba_S91_L003	15.4553	26.6084	.58084289171840471430
GFB-7749_HWNGYDSX5_3_TRICHURIS1014Tiagba_S319_L003	23.7335	22.372	1.06085732165206508135
GFB-7108_HWNGYDSX5_2_TRICHURIS60Akakro_S56_L002	14.1251	23.7071	.59581728680437506063
GFB-7153_HWNGYDSX5_2_TRICHURIS139Akakro_S101_L002	25.2702	24.069	1.04990651875856911379
GFB-7571_HWNGYDSX5_3_TRICHURIS771Tiagba_S141_L003	26.2564	25.4258	1.03266760534575116613
GFB-7653_HWNGYDSX5_3_TRICHURIS884Tiagba_S223_L003	26.205	24.1661	1.08437025419906397805
GFB-7266_HWNGYDSX5_2_TRICHURIS330Akakro_S214_L002	16.8437	29.3153	.57457027558987968739
GFB-7398_HWNGYDSX5_2_TRICHURIS528Akakro_S346_L002	20.3011	19.8789	1.02123859972131254747
GFB-7291_HWNGYDSX5_2_TRICHURIS378Akakro_S239_L002	11.4504	20.2622	.56511138968127843965
GFB-7130_HWNGYDSX5_2_TRICHURIS85Akakro_S78_L002	16.6075	12.9916	1.27832599525847470673
GFB-7700_HWNGYDSX5_3_TRICHURIS951Tiagba_S270_L003	23.4794	22.8046	1.02959052121063294247
GFB-7272_HWNGYDSX5_2_TRICHURIS356Akakro_S220_L002	20.1482	18.5695	1.08501575163574678908
GFB-7647_HWNGYDSX5_3_TRICHURIS875Tiagba_S217_L003	16.5797	30.7199	.53970553289561489457
GFB-7456_HWNGYDSX5_3_TRICHURIS615Tiagba_S26_L003	11.9777	20.7293	.57781497686849049413
GFB-7231_HWNGYDSX5_2_TRICHURIS248Akakro_S179_L002	11.6759	19.8379	.58856532193427731765
GFB-7428_HWNGYDSX5_2_TRICHURIS572Tiagba_S376_L002	22.9277	23.1972	.98838221854361733312
GFB-7633_HWNGYDSX5_3_TRICHURIS844Tiagba_S203_L003	23.6005	23.2957	1.01308395970071729975
GFB-7624_HWNGYDSX5_3_TRICHURIS834Tiagba_S194_L003	22.1987	23.1811	.95762064785536493091
GFB-7117_HWNGYDSX5_2_TRICHURIS69Akakro_S65_L002	12.9728	22.9235	.56591707200034898684
GFB-7416_HWNGYDSX5_2_TRICHURIS552Tiagba_S364_L002	20.6348	19.6528	1.04996743466579825775
GFB-7337_HWNGYDSX5_2_TRICHURIS438Akakro_S285_L002	17.2251	32.6112	.52819583455990579923
GFB-7619_HWNGYDSX5_3_TRICHURIS829Tiagba_S189_L003	13.6456	23.5289	.57995061392585288730
GFB-7683_HWNGYDSX5_3_TRICHURIS933Tiagba_S253_L003	23.7903	23.9236	.99442809610593723352
GFB-7696_HWNGYDSX5_3_TRICHURIS947Tiagba_S266_L003	15.368	24.9261	.61654249962890303737
GFB-7526_HWNGYDSX5_3_TRICHURIS716Tiagba_S96_L003	31.1606	30.7254	1.01416417686995124554
GFB-7190_HWNGYDSX5_2_TRICHURIS197Akakro_S138_L002	25.3087	24.0384	1.05284461528221512247
GFB-7405_HWNGYDSX5_2_TRICHURIS538Tiagba_S353_L002	23.0409	22.6461	1.01743346536489726707
GFB-7709_HWNGYDSX5_3_TRICHURIS960Tiagba_S279_L003	14.1582	24.6436	.57451833336038565793
GFB-7269_HWNGYDSX5_2_TRICHURIS333Akakro_S217_L002	26.1382	25.5593	1.02264929008227924864
GFB-7716_HWNGYDSX5_3_TRICHURIS967Tiagba_S286_L003	23.1927	21.0346	1.10259762486569746988
GFB-7104_HWNGYDSX5_2_TRICHURIS56Akakro_S52_L002	25.1999	23.4488	1.07467759544198423799
GFB-7679_HWNGYDSX5_3_TRICHURIS929Tiagba_S249_L003	21.2553	18.5395	1.14648722996844575096
GFB-7576_HWNGYDSX5_3_TRICHURIS776Tiagba_S146_L003	28.3196	26.708	1.06034147072038340572
GFB-7375_HWNGYDSX5_2_TRICHURIS487Akakro_S323_L002	22.8581	20.8287	1.09743286907008118605
GFB-7342_HWNGYDSX5_2_TRICHURIS443Akakro_S290_L002	20.5632	17.8164	1.15417256011315417256
GFB-7323_HWNGYDSX5_2_TRICHURIS419Akakro_S271_L002	30.3632	30.1979	1.00547389056854946867
GFB-7172_HWNGYDSX5_2_TRICHURIS173Akakro_S120_L002	21.9405	20.2724	1.08228428799747439868
GFB-7628_HWNGYDSX5_3_TRICHURIS839Tiagba_S198_L003	22.1004	21.6195	1.02224380767362797474
GFB-7229_HWNGYDSX5_2_TRICHURIS246Akakro_S177_L002	23.4075	23.5024	.99596211450745455783
GFB-7359_HWNGYDSX5_2_TRICHURIS464Akakro_S307_L002	32.2006	28.7384	1.12047295604487375775
GFB-7578_HWNGYDSX5_3_TRICHURIS778Tiagba_S148_L003	14.2486	23.5935	.60392057134380231843
GFB-7671_HWNGYDSX5_3_TRICHURIS904Tiagba_S241_L003	0.542188	0.324786	1.66936998515945884366
GFB-7661_HWNGYDSX5_3_TRICHURIS892Tiagba_S231_L003	23.4651	23.071	1.01708205105977200814
GFB-7706_HWNGYDSX5_3_TRICHURIS957Tiagba_S276_L003	12.9217	21.4708	.60182666691506604318
GFB-7089_HWNGYDSX5_2_TRICHURIS41Ahouya_S37_L002	26.797	24.8754	1.07724900906116082555
GFB-7322_HWNGYDSX5_2_TRICHURIS417Akakro_S270_L002	28.6325	29.9603	.95568135165535725610
GFB-7062_HWNGYDSX5_2_TRICHURIS10Bekpou_S10_L002	16.2867	25.7912	.63148283135332981792
GFB-7204_HWNGYDSX5_2_TRICHURIS214Akakro_S152_L002	0.658982	0.447196	1.47358652581865669639
GFB-7575_HWNGYDSX5_3_TRICHURIS775Tiagba_S145_L003	16.227	26.5243	.61177863317787839829
GFB-7792_HWNGYDSX5_3_TRICHURISP-11Tiagba_S362_L003	13.068	14.8111	.88231123954331548635
GFB-7689_HWNGYDSX5_3_TRICHURIS939Tiagba_S259_L003	15.2114	25.1592	.60460586982097999936
GFB-7719_HWNGYDSX5_3_TRICHURIS970Tiagba_S289_L003	19.6632	18.9053	1.04008928713112196050
GFB-7479_HWNGYDSX5_3_TRICHURIS642Tiagba_S49_L003	21.9913	21.4717	1.02419929488582645994
GFB-7666_HWNGYDSX5_3_TRICHURIS897Tiagba_S236_L003	27.7834	26.0261	1.06752068116237161925
GFB-7178_HWNGYDSX5_2_TRICHURIS180Akakro_S126_L002	16.1115	10.2712	1.56860931536724043928
GFB-7730_HWNGYDSX5_3_TRICHURIS981Tiagba_S300_L003	14.9016	27.331	.54522703157586623248
GFB-7736_HWNGYDSX5_3_TRICHURIS998Tiagba_S306_L003	16.758	26.8591	.62392261840493538502
GFB-7724_HWNGYDSX5_3_TRICHURIS975Tiagba_S294_L003	14.1184	25.5127	.55338713660255480603
GFB-7179_HWNGYDSX5_2_TRICHURIS181Akakro_S127_L002	32.4434	31.6693	1.02444323051030493253
GFB-7443_HWNGYDSX5_3_TRICHURIS592Tiagba_S13_L003	24.4021	23.4186	1.04199653267061224838
GFB-7319_HWNGYDSX5_2_TRICHURIS414Akakro_S267_L002	38.8284	35.1808	1.10368155357467709659
GFB-7744_HWNGYDSX5_3_TRICHURIS1007Tiagba_S314_L003	17.6241	31.7199	.55561650572668892398
GFB-7075_HWNGYDSX5_2_TRICHURIS26Bekpou_S23_L002	25.371	23.8366	1.06437159662032336826
GFB-7088_HWNGYDSX5_2_TRICHURIS40Ahouya_S36_L002	14.4598	25.8112	.56021417059261095958
GFB-7574_HWNGYDSX5_3_TRICHURIS774Tiagba_S144_L003	28.1616	26.5444	1.06092433809014330706
GFB-7134_HWNGYDSX5_2_TRICHURIS89Akakro_S82_L002	13.2865	24.3786	.54500668619198805509
GFB-7154_HWNGYDSX5_2_TRICHURIS143Akakro_S102_L002	26.2734	25.326	1.03740819710968964700
GFB-7762_HWNGYDSX5_3_TRICHURIS1071Tiagba_S332_L003	25.0617	25.5444	.98110349039319772631
GFB-7250_HWNGYDSX5_2_TRICHURIS315Akakro_S198_L002	13.6472	24.3445	.56058658013103575756
GFB-7801_HWNGYDSX5_3_TRICHURISP-20Tiagba_S371_L003	11.8608	20.9833	.56524950794203009059
GFB-7309_HWNGYDSX5_2_TRICHURIS401Akakro_S257_L002	36.1914	34.2865	1.05555831012205970279
GFB-7501_HWNGYDSX5_3_TRICHURIS689Tiagba_S71_L003	25.0572	25.1937	.99458197882804034341
GFB-7717_HWNGYDSX5_3_TRICHURIS968Tiagba_S287_L003	30.613	29.3521	1.04295774407963995761
GFB-7465_HWNGYDSX5_3_TRICHURIS625Tiagba_S35_L003	22.2883	23.3618	.95404891746355160989
GFB-7401_HWNGYDSX5_2_TRICHURIS534Akakro_S349_L002	15.6621	23.0312	.68003838271562054951
GFB-7270_HWNGYDSX5_2_TRICHURIS334Akakro_S218_L002	22.897	21.894	1.04581163789165981547
GFB-7411_HWNGYDSX5_2_TRICHURIS544Tiagba_S359_L002	14.4755	23.8073	.60802778979556690594
GFB-7176_HWNGYDSX5_2_TRICHURIS178Akakro_S124_L002	25.2671	24.7364	1.02145421322423634805
GFB-7566_HWNGYDSX5_3_TRICHURIS766Tiagba_S136_L003	21.9449	21.6299	1.01456317412470700280
GFB-7297_HWNGYDSX5_2_TRICHURIS385Akakro_S245_L002	16.3914	29.8461	.54919738257259742478
GFB-7548_HWNGYDSX5_3_TRICHURIS743Tiagba_S118_L003	13.684	23.1797	.59034413732705772723
GFB-7536_HWNGYDSX5_3_TRICHURIS729Tiagba_S106_L003	22.4687	22.3716	1.00434032433978794543
GFB-7523_HWNGYDSX5_3_TRICHURIS713Tiagba_S93_L003	24.8721	24.0401	1.03460884106139325543
GFB-7591_HWNGYDSX5_3_TRICHURIS794Tiagba_S161_L003	22.6825	22.3326	1.01566767864019415562
GFB-7606_HWNGYDSX5_3_TRICHURIS812Tiagba_S176_L003	21.0041	21.2315	.98928949909332830935
GFB-7151_HWNGYDSX5_2_TRICHURIS138Akakro_S99_L002	16.1869	30.5149	.53045889057476839183
GFB-7555_HWNGYDSX5_3_TRICHURIS750Tiagba_S125_L003	13.1652	22.6182	.58206223306894447834
GFB-7124_HWNGYDSX5_2_TRICHURIS79Akakro_S72_L002	6.27016	1.19038	5.26736000268821720795
GFB-7218_HWNGYDSX5_2_TRICHURIS231Akakro_S166_L002	23.3217	23.4442	.99477482703611127698
GFB-7537_HWNGYDSX5_3_TRICHURIS730Tiagba_S107_L003	28.8759	27.8067	1.03845116464736915923
GFB-7539_HWNGYDSX5_3_TRICHURIS732Tiagba_S109_L003	14.3719	23.5718	.60970736218702008331
GFB-7514_HWNGYDSX5_3_TRICHURIS703Tiagba_S84_L003	23.2479	23.426	.99239733629300776914
GFB-7311_HWNGYDSX5_2_TRICHURIS403Akakro_S259_L002	26.718	26.099	1.02371738380780872830
GFB-7338_HWNGYDSX5_2_TRICHURIS439Akakro_S286_L002	23.9839	22.6337	1.05965440913328355505
GFB-7532_HWNGYDSX5_3_TRICHURIS722Tiagba_S102_L003	26.6431	24.9212	1.06909378360592587836
GFB-7301_HWNGYDSX5_2_TRICHURIS389Akakro_S249_L002	21.5376	20.529	1.04913049831945053339
GFB-7642_HWNGYDSX5_3_TRICHURIS855Tiagba_S212_L003	20.2521	18.4107	1.10001792435920415845
GFB-7407_HWNGYDSX5_2_TRICHURIS540Tiagba_S355_L002	34.2977	31.986	1.07227224410679672356
GFB-7444_HWNGYDSX5_3_TRICHURIS593Tiagba_S14_L003	24.5892	24.4635	1.00513826721442148506
GFB-7293_HWNGYDSX5_2_TRICHURIS380Akakro_S241_L002	19.4578	18.7291	1.03890736874703002279
GFB-7731_HWNGYDSX5_3_TRICHURIS982Tiagba_S301_L003	24.0655	24.3759	.98726611119999671806
GFB-7389_HWNGYDSX5_2_TRICHURIS515Akakro_S337_L002	30.6028	29.0468	1.05356872357712381398
GFB-7312_HWNGYDSX5_2_TRICHURIS404Akakro_S260_L002	29.8321	29.6562	1.00593130610125370074
GFB-7247_HWNGYDSX5_2_TRICHURIS276Akakro_S195_L002	15.7542	28.1481	.55968964157438690355
GFB-7458_HWNGYDSX5_3_TRICHURIS617Tiagba_S28_L003	16.3652	15.4432	1.05970265230004144218
GFB-7699_HWNGYDSX5_3_TRICHURIS950Tiagba_S269_L003	13.8972	25.2294	.55083355133296867939
GFB-7643_HWNGYDSX5_3_TRICHURIS856Tiagba_S213_L003	12.5142	22.5296	.55545593352744833463
GFB-7510_HWNGYDSX5_3_TRICHURIS698Tiagba_S80_L003	14.8298	26.5559	.55843710813792791808
GFB-7607_HWNGYDSX5_3_TRICHURIS813Tiagba_S177_L003	26.552	24.9133	1.06577611155487229712
GFB-7257_HWNGYDSX5_2_TRICHURIS321Akakro_S205_L002	25.5475	23.9551	1.06647436245308932127
GFB-7432_HWNGYDSX5_3_TRICHURIS576Tiagba_S2_L003	14.1043	25.8987	.54459490244684096112
GFB-7528_HWNGYDSX5_3_TRICHURIS718Tiagba_S98_L003	18.9301	31.5555	.59989859137075945556
GFB-7285_HWNGYDSX5_2_TRICHURIS371Akakro_S233_L002	13.5047	23.1506	.58334125249453577877
GFB-7745_HWNGYDSX5_3_TRICHURIS1008Tiagba_S315_L003	27.3546	24.081	1.13594119845521365391
GFB-7221_HWNGYDSX5_2_TRICHURIS234Akakro_S169_L002	12.4784	22.2327	.56126336432372136537
GFB-7255_HWNGYDSX5_2_TRICHURIS319Akakro_S203_L002	21.7143	21.189	1.02479116522724054934
